1.0,0.9380177639417046,0.14167392253875732,plant,00873-bxsVRursffK,0,64.13450622558594,1,0,1
1.0,0.919731869708937,0.07773496210575104,plant,00873-bxsVRursffK,0,64.13450622558594,1,0,1
1.0,0.8005562346808617,0.10911838710308075,toilet,00873-bxsVRursffK,0,64.13450622558594,1,0,1
0.0,0.0,4.531190872192383,chair,00873-bxsVRursffK,0,64.13450622558594,1,0,1
0.0,0.0,1.2267194986343384,sofa,00873-bxsVRursffK,0,64.13450622558594,1,0,1
1.0,0.5681548051199965,0.10074982047080994,bed,00873-bxsVRursffK,0,64.13450622558594,1,0,1
1.0,0.8445877398899874,0.08494044095277786,tv_monitor,00894-HY1NcmCgn3n,0,180.56265258789062,1,0,1
1.0,0.8249118593513832,0.11826950311660767,tv_monitor,00894-HY1NcmCgn3n,0,180.56265258789062,1,0,1
1.0,0.8641197531419625,0.08399152755737305,tv_monitor,00894-HY1NcmCgn3n,0,180.56265258789062,1,0,1
1.0,0.7210103377890372,0.2814904749393463,chair,00853-5cdEh9F2hJL,0,77.00389099121094,1,0,1
1.0,0.40998748740066515,0.1074574738740921,plant,00853-5cdEh9F2hJL,0,77.00389099121094,1,0,1
1.0,0.6930346541136061,0.007583248429000378,sofa,00853-5cdEh9F2hJL,0,77.00389099121094,1,0,1
0.0,0.0,12.763128280639648,tv_monitor,00853-5cdEh9F2hJL,0,77.00389099121094,1,0,1
1.0,0.8010513615088442,0.04001128673553467,bed,00853-5cdEh9F2hJL,0,77.00389099121094,1,0,1
1.0,0.46193750334328265,0.11175844073295593,sofa,00853-5cdEh9F2hJL,0,77.00389099121094,2,0,2
1.0,0.7707658160002201,0.3753594160079956,chair,00835-q3zU7Yy5E5s,0,12.884771347045898,1,0,1
1.0,1.0,0.3553064465522766,sofa,00835-q3zU7Yy5E5s,1,23.304763793945312,1,0,1
1.0,0.8684773004345651,0.15870745480060577,sofa,00835-q3zU7Yy5E5s,1,23.304763793945312,1,0,1
1.0,0.4547683549129812,0.08146049082279205,plant,00831-yr17PDCnDDW,0,273.9668884277344,1,0,1
0.0,0.0,7.571683406829834,chair,00831-yr17PDCnDDW,0,273.9668884277344,1,0,1
1.0,0.20984715321211433,0.44084542989730835,tv_monitor,00831-yr17PDCnDDW,0,273.9668884277344,3,0,3
1.0,0.3011869311580393,0.032557886093854904,chair,00831-yr17PDCnDDW,0,273.9668884277344,1,0,1
1.0,0.09714373006584738,0.08717948198318481,chair,00831-yr17PDCnDDW,0,273.9668884277344,3,0,3
1.0,0.4733566264240147,0.16742050647735596,sofa,00869-MHPLjHsuG27,0,14.598527908325195,1,0,1
1.0,0.8159799587392202,0.31108084321022034,tv_monitor,00869-MHPLjHsuG27,0,14.598527908325195,1,0,1
1.0,0.7764760011217546,0.11832047998905182,chair,00869-MHPLjHsuG27,1,20.642654418945312,1,0,1
1.0,0.5937807278521854,0.18955625593662262,sofa,00869-MHPLjHsuG27,0,14.598527908325195,1,0,1
0.0,0.0,2.5089898109436035,toilet,00815-h1zeeAwLh9Z,0,64.93303680419922,1,0,1
1.0,0.38695648308379726,0.19025753438472748,chair,00815-h1zeeAwLh9Z,1,37.163169860839844,1,0,1
1.0,0.23592479178702933,0.06368951499462128,chair,00815-h1zeeAwLh9Z,0,64.93303680419922,1,0,1
1.0,0.4273201984743483,0.2048184722661972,sofa,00815-h1zeeAwLh9Z,1,37.163169860839844,2,0,2
1.0,0.9478693543250674,0.10157319903373718,bed,00843-DYehNKdT76V,0,62.364925384521484,1,0,1
1.0,0.8815335246824801,0.11498618870973587,sofa,00843-DYehNKdT76V,0,62.364925384521484,2,0,2
1.0,0.7560387939456078,0.15612167119979858,plant,00843-DYehNKdT76V,0,62.364925384521484,1,0,1
1.0,0.8042440064663551,0.15593835711479187,bed,00847-bCPU9suPUw9,1,17.04467010498047,1,0,1
1.0,0.8498454654054279,0.15010680258274078,bed,00847-bCPU9suPUw9,1,17.04467010498047,1,0,1
1.0,0.7823514868268142,0.344927579164505,sofa,00847-bCPU9suPUw9,1,17.04467010498047,1,0,1
1.0,0.7965417170404935,0.17482654750347137,sofa,00827-BAbdmeyTvMZ,0,58.549068450927734,1,0,1
1.0,0.3077956653605663,0.15509426593780518,bed,00827-BAbdmeyTvMZ,0,58.549068450927734,3,1,4
1.0,0.20369143705609621,0.18993259966373444,chair,00827-BAbdmeyTvMZ,0,58.549068450927734,2,0,2
1.0,0.9102246623485889,0.1572902500629425,bed,00827-BAbdmeyTvMZ,0,58.549068450927734,1,0,1
1.0,0.7123268173547654,0.1524142026901245,bed,00827-BAbdmeyTvMZ,0,58.549068450927734,1,0,1
1.0,0.2950910503358375,0.4336870312690735,toilet,00800-TEEsavR23oF,0,76.10676574707031,3,0,3
0.0,0.0,2.2161812782287598,chair,00800-TEEsavR23oF,0,76.10676574707031,2,0,2
1.0,0.624873875919678,0.15926674008369446,bed,00800-TEEsavR23oF,0,76.10676574707031,2,0,2
0.0,0.0,11.628179550170898,toilet,00813-svBbv1Pavdk,0,73.96382904052734,1,0,1
1.0,0.6418713543108342,0.1357569545507431,sofa,00813-svBbv1Pavdk,0,73.96382904052734,1,0,1
1.0,0.5744973712490664,0.10113570839166641,tv_monitor,00891-cvZr5TUy5C5,0,196.93040466308594,1,0,1
1.0,0.8097696479423967,0.033735137432813644,toilet,00891-cvZr5TUy5C5,0,196.93040466308594,1,0,1
0.0,0.0,10.565460205078125,chair,00891-cvZr5TUy5C5,0,196.93040466308594,2,0,2
0.0,0.0,10.576976776123047,chair,00891-cvZr5TUy5C5,0,196.93040466308594,1,0,1
1.0,0.7604031454240053,0.12542763352394104,tv_monitor,00891-cvZr5TUy5C5,0,196.93040466308594,1,0,1
1.0,0.790195104246742,0.06716538220643997,toilet,00824-Dd4bFSTQ8gi,0,78.68595886230469,1,0,1
1.0,0.8660245482886653,0.060987960547208786,bed,00824-Dd4bFSTQ8gi,0,78.68595886230469,1,0,1
0.0,0.0,3.6073570251464844,chair,00824-Dd4bFSTQ8gi,0,78.68595886230469,2,0,2
0.0,0.0,3.6324105262756348,chair,00824-Dd4bFSTQ8gi,0,78.68595886230469,1,0,1
1.0,0.20990688329234458,0.158033087849617,sofa,00824-Dd4bFSTQ8gi,0,78.68595886230469,1,0,1
1.0,0.5856335076865085,0.0604826956987381,bed,00878-XB4GS9ShBRE,0,48.26987838745117,1,0,1
0.0,0.0,2.1051206588745117,tv_monitor,00878-XB4GS9ShBRE,0,48.26987838745117,1,0,1
1.0,0.7575113376826388,0.10197868943214417,sofa,00810-CrMo8WxCyVb,0,104.38074493408203,1,0,1
1.0,0.7015569392924613,0.09713496267795563,chair,00810-CrMo8WxCyVb,0,104.38074493408203,1,0,1
0.0,0.0,6.507917404174805,plant,00810-CrMo8WxCyVb,0,104.38074493408203,3,3,6
1.0,0.5202976176664824,0.06052016839385033,bed,00810-CrMo8WxCyVb,0,104.38074493408203,1,0,1
1.0,0.05275524245455722,0.13416478037834167,toilet,00890-6s7QHgap2fW,0,72.89037322998047,3,2,5
1.0,0.6957956242078269,0.09005174040794373,sofa,00890-6s7QHgap2fW,0,72.89037322998047,1,0,1
1.0,0.8938936473675175,0.1070503368973732,bed,00820-mL8ThkuaVTM,0,49.380516052246094,1,0,1
1.0,0.8738512237537192,0.10320106148719788,bed,00820-mL8ThkuaVTM,0,49.380516052246094,1,0,1
1.0,0.8431508475313579,0.07648757100105286,chair,00877-4ok3usBNeis,0,75.36964416503906,1,0,1
0.0,0.0,9.608903884887695,tv_monitor,00877-4ok3usBNeis,0,75.36964416503906,1,0,1
1.0,0.7876785119626556,0.16798743605613708,toilet,00849-a8BtkwhxdRV,0,64.31393432617188,1,0,1
1.0,0.12630024529759937,0.1970292031764984,tv_monitor,00849-a8BtkwhxdRV,0,64.31393432617188,2,0,2
1.0,0.7191361151619428,0.2132052630186081,toilet,00849-a8BtkwhxdRV,0,64.31393432617188,1,0,1
1.0,0.12482668891650667,0.1943987011909485,tv_monitor,00849-a8BtkwhxdRV,0,64.31393432617188,2,0,2
1.0,0.5954376376937178,0.02855626493692398,chair,00876-mv2HUxq3B53,0,135.76968383789062,1,0,1
1.0,0.15433259430905302,0.06180691719055176,plant,00876-mv2HUxq3B53,0,135.76968383789062,2,0,2
1.0,0.3494163321732416,0.1096959188580513,toilet,00861-GLAQ4DNUx5U,0,118.05732727050781,3,0,3
0.0,0.0,1.6401578187942505,toilet,00861-GLAQ4DNUx5U,0,118.05732727050781,2,0,2
0.0,0.0,12.0858793258667,plant,00861-GLAQ4DNUx5U,0,118.05732727050781,1,0,1
1.0,0.493622893152551,0.1853371560573578,chair,00880-Nfvxx8J5NCo,0,63.492286682128906,1,0,1
0.0,0.0,3.1682400703430176,tv_monitor,00880-Nfvxx8J5NCo,0,63.492286682128906,1,0,1
1.0,0.7812741023795529,0.15074476599693298,chair,00880-Nfvxx8J5NCo,0,63.492286682128906,1,0,1
1.0,0.8439614153628455,0.11175599694252014,bed,00871-VBzV5z6i1WS,0,59.27443313598633,1,0,1
1.0,0.49096376107082956,0.1548779308795929,sofa,00839-zt1RVoi7PcG,0,127.87889862060547,1,0,1
0.0,0.0,13.549479484558105,sofa,00803-k1cupFYWXJ6,0,205.6027374267578,1,0,1
1.0,0.2243282270451126,0.15000128746032715,plant,00803-k1cupFYWXJ6,0,205.6027374267578,2,0,2
1.0,0.2364271297637755,0.06087507680058479,plant,00803-k1cupFYWXJ6,0,205.6027374267578,2,0,2
0.0,0.0,0.7904430627822876,tv_monitor,00814-p53SfW6mjZe,0,217.1283721923828,1,0,1
1.0,0.798368861063788,0.19977012276649475,chair,00814-p53SfW6mjZe,0,217.1283721923828,1,0,1
1.0,0.872073085007134,0.08548694103956223,bed,00814-p53SfW6mjZe,0,217.1283721923828,1,0,1
1.0,0.3616951997934565,0.07218513637781143,bed,00814-p53SfW6mjZe,0,217.1283721923828,2,0,2
0.0,0.0,0.9511065483093262,tv_monitor,00814-p53SfW6mjZe,0,217.1283721923828,3,2,5
0.0,0.0,0.9596776962280273,sofa,00821-eF36g7L6Z9M,0,255.54568481445312,1,0,1
1.0,0.7127718617849312,0.10139463096857071,tv_monitor,00848-ziup5kvtCCR,0,60.34342956542969,1,0,1
1.0,0.4757843797687907,0.15400508046150208,tv_monitor,00802-wcojb4TFT35,2,39.943275451660156,3,0,3
0.0,0.0,9.13417911529541,plant,00802-wcojb4TFT35,0,37.30722427368164,1,2,3
1.0,0.44906684065313446,0.07451741397380829,chair,00832-qyAac8rV8Zk,0,80.03765106201172,1,0,1
1.0,0.29031883769428907,0.13427263498306274,chair,00829-QaLdnwvtxbs,0,51.208736419677734,1,0,1
1.0,0.7475579644422771,0.18316249549388885,sofa,00829-QaLdnwvtxbs,0,51.208736419677734,1,0,1
1.0,0.6280398697720156,0.03828269615769386,bed,00862-LT9Jq6dN3Ea,0,275.0478515625,1,0,1
1.0,0.5703103411930335,0.08277065306901932,chair,00823-7MXmsvcQjpJ,1,85.10262298583984,1,0,1
1.0,0.6280398697720156,0.03828269615769386,bed,00862-LT9Jq6dN3Ea,0,275.0478515625,1,0,1
1.0,0.8738512237537192,0.10320106148719788,bed,00820-mL8ThkuaVTM,0,49.380516052246094,1,0,1
1.0,0.8938936473675175,0.1070503368973732,bed,00820-mL8ThkuaVTM,0,49.380516052246094,1,0,1
0.0,0.0,10.97344970703125,chair,00891-cvZr5TUy5C5,0,196.93040466308594,3,3,6
1.0,0.5744973712490664,0.10113570839166641,tv_monitor,00891-cvZr5TUy5C5,0,196.93040466308594,1,0,1
1.0,0.8921429779464938,0.025730084627866745,toilet,00891-cvZr5TUy5C5,0,196.93040466308594,1,0,1
1.0,0.7604031454240053,0.12542763352394104,tv_monitor,00891-cvZr5TUy5C5,0,196.93040466308594,1,0,1
0.0,0.0,10.565460205078125,chair,00891-cvZr5TUy5C5,0,196.93040466308594,2,0,2
1.0,0.5856335076865085,0.0604826956987381,bed,00878-XB4GS9ShBRE,0,48.26987838745117,1,0,1
0.0,0.0,2.1051206588745117,tv_monitor,00878-XB4GS9ShBRE,0,48.26987838745117,1,0,1
1.0,0.7123268173547654,0.1524142026901245,bed,00827-BAbdmeyTvMZ,0,58.549068450927734,1,0,1
1.0,0.9102246623485889,0.1572902500629425,bed,00827-BAbdmeyTvMZ,0,58.549068450927734,1,0,1
0.0,0.0,0.6985031962394714,chair,00827-BAbdmeyTvMZ,0,58.549068450927734,1,0,1
1.0,0.732812590722744,0.21254076063632965,sofa,00827-BAbdmeyTvMZ,0,58.549068450927734,1,0,1
0.0,0.0,0.6448615789413452,bed,00827-BAbdmeyTvMZ,0,58.549068450927734,3,1,4
1.0,0.7823514868268142,0.344927579164505,sofa,00847-bCPU9suPUw9,1,17.04467010498047,1,0,1
1.0,0.8498454654054279,0.15010680258274078,bed,00847-bCPU9suPUw9,1,17.04467010498047,1,0,1
1.0,0.8042440064663551,0.15593835711479187,bed,00847-bCPU9suPUw9,1,17.04467010498047,1,0,1
1.0,0.2243282270451126,0.15000128746032715,plant,00803-k1cupFYWXJ6,0,205.6027374267578,2,0,2
0.0,0.0,13.549479484558105,sofa,00803-k1cupFYWXJ6,0,205.6027374267578,1,0,1
1.0,0.2364271297637755,0.06087507680058479,plant,00803-k1cupFYWXJ6,0,205.6027374267578,2,0,2
1.0,0.42834698192019,0.047310058027505875,plant,00831-yr17PDCnDDW,0,273.9668884277344,1,0,1
1.0,0.09714373006584738,0.08717948198318481,chair,00831-yr17PDCnDDW,0,273.9668884277344,3,0,3
1.0,0.3250307426483438,0.0586872436106205,chair,00831-yr17PDCnDDW,0,273.9668884277344,1,0,1
1.0,0.20984715321211433,0.44084542989730835,tv_monitor,00831-yr17PDCnDDW,0,273.9668884277344,3,0,3
0.0,0.0,7.084290981292725,chair,00831-yr17PDCnDDW,0,273.9668884277344,1,0,1
1.0,0.40998748740066515,0.1074574738740921,plant,00853-5cdEh9F2hJL,0,77.00389099121094,1,0,1
1.0,0.7372133677772226,0.2322472184896469,chair,00853-5cdEh9F2hJL,0,77.00389099121094,1,0,1
1.0,0.6930346541136061,0.007583248429000378,sofa,00853-5cdEh9F2hJL,0,77.00389099121094,1,0,1
0.0,0.0,12.763128280639648,tv_monitor,00853-5cdEh9F2hJL,0,77.00389099121094,1,0,1
1.0,0.8010513615088442,0.04001128673553467,bed,00853-5cdEh9F2hJL,0,77.00389099121094,1,0,1
1.0,0.46193750334328265,0.11175844073295593,sofa,00853-5cdEh9F2hJL,0,77.00389099121094,2,0,2
1.0,0.8660245482886653,0.060987960547208786,bed,00824-Dd4bFSTQ8gi,0,78.68595886230469,1,0,1
0.0,0.0,3.735051155090332,chair,00824-Dd4bFSTQ8gi,0,78.68595886230469,2,0,2
0.0,0.0,3.6324105262756348,chair,00824-Dd4bFSTQ8gi,0,78.68595886230469,1,0,1
1.0,0.790195104246742,0.06716538220643997,toilet,00824-Dd4bFSTQ8gi,0,78.68595886230469,1,0,1
1.0,0.20734064103639835,0.18032413721084595,sofa,00824-Dd4bFSTQ8gi,0,78.68595886230469,1,0,1
1.0,0.829868027747583,0.0455213263630867,chair,00814-p53SfW6mjZe,0,217.1283721923828,1,0,1
0.0,0.0,0.7904430627822876,tv_monitor,00814-p53SfW6mjZe,0,217.1283721923828,1,0,1
1.0,0.32311241602986074,0.15206444263458252,tv_monitor,00814-p53SfW6mjZe,0,217.1283721923828,3,1,4
1.0,0.3616951997934565,0.07218513637781143,bed,00814-p53SfW6mjZe,0,217.1283721923828,2,0,2
1.0,0.872073085007134,0.08548694103956223,bed,00814-p53SfW6mjZe,0,217.1283721923828,1,0,1
1.0,0.6957956242078269,0.09005174040794373,sofa,00890-6s7QHgap2fW,0,72.89037322998047,1,0,1
0.0,0.0,9.7193021774292,toilet,00890-6s7QHgap2fW,0,72.89037322998047,3,2,5
0.0,0.0,2.4312076568603516,chair,00800-TEEsavR23oF,0,76.10676574707031,2,0,2
1.0,0.624873875919678,0.15926674008369446,bed,00800-TEEsavR23oF,0,76.10676574707031,2,0,2
1.0,0.2950910503358375,0.4336870312690735,toilet,00800-TEEsavR23oF,0,76.10676574707031,3,0,3
1.0,0.7191361151619428,0.2132052630186081,toilet,00849-a8BtkwhxdRV,0,64.31393432617188,1,0,1
1.0,0.12482668891650667,0.1943987011909485,tv_monitor,00849-a8BtkwhxdRV,0,64.31393432617188,2,0,2
1.0,0.12630024529759937,0.1970292031764984,tv_monitor,00849-a8BtkwhxdRV,0,64.31393432617188,2,0,2
1.0,0.7876785119626556,0.16798743605613708,toilet,00849-a8BtkwhxdRV,0,64.31393432617188,1,0,1
1.0,0.4733566264240147,0.16742050647735596,sofa,00869-MHPLjHsuG27,0,14.598527908325195,1,0,1
1.0,0.7226043575222005,0.08512289077043533,chair,00869-MHPLjHsuG27,1,20.642654418945312,1,0,1
1.0,0.5989314154828154,0.1617676168680191,sofa,00869-MHPLjHsuG27,0,14.598527908325195,1,0,1
1.0,0.8293703519671872,0.24220839142799377,tv_monitor,00869-MHPLjHsuG27,0,14.598527908325195,1,0,1
1.0,0.7475579644422771,0.18316249549388885,sofa,00829-QaLdnwvtxbs,0,51.208736419677734,1,0,1
1.0,0.30067591200536586,0.10592152178287506,chair,00829-QaLdnwvtxbs,0,51.208736419677734,1,0,1
1.0,0.8249118593513832,0.11826950311660767,tv_monitor,00894-HY1NcmCgn3n,0,180.56265258789062,1,0,1
1.0,0.8641197531419625,0.08399152755737305,tv_monitor,00894-HY1NcmCgn3n,0,180.56265258789062,1,0,1
1.0,0.8445877398899874,0.08494044095277786,tv_monitor,00894-HY1NcmCgn3n,0,180.56265258789062,1,0,1
1.0,0.5245023655196263,0.15063421428203583,chair,00880-Nfvxx8J5NCo,0,63.492286682128906,1,0,1
1.0,0.7275800428899195,0.16922852396965027,chair,00880-Nfvxx8J5NCo,0,63.492286682128906,1,0,1
0.0,0.0,3.1682400703430176,tv_monitor,00880-Nfvxx8J5NCo,0,63.492286682128906,1,0,1
1.0,0.9380177639417046,0.14167392253875732,plant,00873-bxsVRursffK,0,64.13450622558594,1,0,1
0.0,0.0,4.843723297119141,chair,00873-bxsVRursffK,0,64.13450622558594,1,0,1
1.0,0.8005562346808617,0.10911838710308075,toilet,00873-bxsVRursffK,0,64.13450622558594,1,0,1
0.0,0.0,1.2267194986343384,sofa,00873-bxsVRursffK,0,64.13450622558594,1,0,1
1.0,0.6145462919384942,0.09360034018754959,bed,00873-bxsVRursffK,0,64.13450622558594,1,0,1
1.0,0.919731869708937,0.07773496210575104,plant,00873-bxsVRursffK,0,64.13450622558594,1,0,1
1.0,0.7127718617849312,0.10139463096857071,tv_monitor,00848-ziup5kvtCCR,0,60.34342956542969,1,0,1
0.0,0.0,9.734288215637207,plant,00802-wcojb4TFT35,0,37.30722427368164,1,3,4
1.0,0.4657525161400675,0.18393917381763458,tv_monitor,00802-wcojb4TFT35,2,39.943275451660156,3,0,3
1.0,0.15433259430905302,0.06180691719055176,plant,00876-mv2HUxq3B53,0,135.76968383789062,2,0,2
1.0,0.5954376376937178,0.02855626493692398,chair,00876-mv2HUxq3B53,0,135.76968383789062,1,0,1
1.0,0.8439614153628455,0.11175599694252014,bed,00871-VBzV5z6i1WS,0,59.27443313598633,1,0,1
1.0,0.7575113376826388,0.10197868943214417,sofa,00810-CrMo8WxCyVb,0,104.38074493408203,1,0,1
1.0,0.45140501472753936,0.13865625858306885,bed,00810-CrMo8WxCyVb,0,104.38074493408203,1,0,1
0.0,0.0,6.024874687194824,plant,00810-CrMo8WxCyVb,0,104.38074493408203,3,2,5
1.0,0.6530732109720297,0.10202227532863617,chair,00810-CrMo8WxCyVb,0,104.38074493408203,1,0,1
0.0,0.0,9.608903884887695,tv_monitor,00877-4ok3usBNeis,0,75.36964416503906,1,0,1
1.0,0.8431508475313579,0.07648757100105286,chair,00877-4ok3usBNeis,0,75.36964416503906,1,0,1
1.0,0.5703103411930335,0.08277065306901932,chair,00823-7MXmsvcQjpJ,1,85.10262298583984,1,0,1
1.0,0.4309911609415412,0.1914997547864914,chair,00832-qyAac8rV8Zk,0,80.03765106201172,1,0,1
1.0,1.0,0.3553064465522766,sofa,00835-q3zU7Yy5E5s,1,23.304763793945312,1,0,1
1.0,0.8684773004345651,0.15870745480060577,sofa,00835-q3zU7Yy5E5s,1,23.304763793945312,1,0,1
1.0,0.8433645615921243,0.17557664215564728,chair,00835-q3zU7Yy5E5s,0,12.884771347045898,1,0,1
1.0,0.4489438809002737,0.21569646894931793,plant,00843-DYehNKdT76V,0,62.364925384521484,2,0,2
1.0,0.8815335246824801,0.11498618870973587,sofa,00843-DYehNKdT76V,0,62.364925384521484,2,0,2
1.0,0.9478693543250674,0.10157319903373718,bed,00843-DYehNKdT76V,0,62.364925384521484,1,0,1
1.0,0.23592479178702933,0.06368951499462128,chair,00815-h1zeeAwLh9Z,0,64.93303680419922,1,0,1
1.0,0.38695648308379726,0.19025753438472748,chair,00815-h1zeeAwLh9Z,1,37.163169860839844,1,0,1
1.0,0.4373184884597758,0.15704447031021118,sofa,00815-h1zeeAwLh9Z,1,37.163169860839844,2,0,2
0.0,0.0,2.5089898109436035,toilet,00815-h1zeeAwLh9Z,0,64.93303680419922,2,0,2
0.0,0.0,0.939711332321167,sofa,00821-eF36g7L6Z9M,0,255.54568481445312,1,0,1
1.0,0.6418713543108342,0.1357569545507431,sofa,00813-svBbv1Pavdk,0,73.96382904052734,1,0,1
0.0,0.0,11.927350997924805,toilet,00813-svBbv1Pavdk,0,73.96382904052734,1,0,1
1.0,0.3494163321732416,0.1096959188580513,toilet,00861-GLAQ4DNUx5U,0,118.05732727050781,3,0,3
0.0,0.0,11.832418441772461,plant,00861-GLAQ4DNUx5U,0,118.05732727050781,1,0,1
0.0,0.0,9.418693542480469,toilet,00861-GLAQ4DNUx5U,0,118.05732727050781,2,1,3
1.0,0.49096376107082956,0.1548779308795929,sofa,00839-zt1RVoi7PcG,0,127.87889862060547,1,0,1
0.0,0.0,3.1682400703430176,tv_monitor,00880-Nfvxx8J5NCo,0,63.492286682128906,1,0,1
1.0,0.7812741023795529,0.15074476599693298,chair,00880-Nfvxx8J5NCo,0,63.492286682128906,1,0,1
1.0,0.5245023655196263,0.15063421428203583,chair,00880-Nfvxx8J5NCo,0,63.492286682128906,1,0,1
1.0,0.2243282270451126,0.15000128746032715,plant,00803-k1cupFYWXJ6,0,205.6027374267578,2,0,2
1.0,0.2364271297637755,0.06087507680058479,plant,00803-k1cupFYWXJ6,0,205.6027374267578,2,0,2
0.0,0.0,13.549479484558105,sofa,00803-k1cupFYWXJ6,0,205.6027374267578,1,0,1
1.0,0.7575113376826388,0.10197868943214417,sofa,00810-CrMo8WxCyVb,0,104.38074493408203,1,0,1
1.0,0.5202976176664824,0.06052016839385033,bed,00810-CrMo8WxCyVb,0,104.38074493408203,1,0,1
1.0,0.7015569392924613,0.09713496267795563,chair,00810-CrMo8WxCyVb,0,104.38074493408203,1,0,1
1.0,0.263897675014014,0.11021146178245544,plant,00810-CrMo8WxCyVb,0,104.38074493408203,3,2,5
1.0,0.7876785119626556,0.16798743605613708,toilet,00849-a8BtkwhxdRV,0,64.31393432617188,1,0,1
1.0,0.7191361151619428,0.2132052630186081,toilet,00849-a8BtkwhxdRV,0,64.31393432617188,1,0,1
1.0,0.12482668891650667,0.1943987011909485,tv_monitor,00849-a8BtkwhxdRV,0,64.31393432617188,2,0,2
1.0,0.12630024529759937,0.1970292031764984,tv_monitor,00849-a8BtkwhxdRV,0,64.31393432617188,2,0,2
1.0,0.6418713543108342,0.1357569545507431,sofa,00813-svBbv1Pavdk,0,73.96382904052734,1,0,1
0.0,0.0,11.628179550170898,toilet,00813-svBbv1Pavdk,0,73.96382904052734,1,0,1
1.0,0.49096376107082956,0.1548779308795929,sofa,00839-zt1RVoi7PcG,0,127.87889862060547,1,0,1
1.0,0.8815335246824801,0.11498618870973587,sofa,00843-DYehNKdT76V,0,62.364925384521484,2,0,2
1.0,0.45904450264319274,0.10861098766326904,plant,00843-DYehNKdT76V,0,62.364925384521484,2,0,2
1.0,0.9478693543250674,0.10157319903373718,bed,00843-DYehNKdT76V,0,62.364925384521484,1,0,1
0.0,0.0,12.763128280639648,tv_monitor,00853-5cdEh9F2hJL,0,77.00389099121094,1,0,1
1.0,0.8010513615088442,0.04001128673553467,bed,00853-5cdEh9F2hJL,0,77.00389099121094,1,0,1
1.0,0.6930346541136061,0.007583248429000378,sofa,00853-5cdEh9F2hJL,0,77.00389099121094,1,0,1
1.0,0.40998748740066515,0.1074574738740921,plant,00853-5cdEh9F2hJL,0,77.00389099121094,1,0,1
1.0,0.46193750334328265,0.11175844073295593,sofa,00853-5cdEh9F2hJL,0,77.00389099121094,2,0,2
1.0,0.7372133677772226,0.2322472184896469,chair,00853-5cdEh9F2hJL,0,77.00389099121094,1,0,1
1.0,0.7123268173547654,0.1524142026901245,bed,00827-BAbdmeyTvMZ,0,58.549068450927734,1,0,1
1.0,0.21054446534492044,0.1570989489555359,chair,00827-BAbdmeyTvMZ,0,58.549068450927734,2,0,2
1.0,0.7965417170404935,0.17482654750347137,sofa,00827-BAbdmeyTvMZ,0,58.549068450927734,1,0,1
1.0,0.303729321242826,0.15571816265583038,bed,00827-BAbdmeyTvMZ,0,58.549068450927734,3,1,4
1.0,0.9102246623485889,0.1572902500629425,bed,00827-BAbdmeyTvMZ,0,58.549068450927734,1,0,1
0.0,0.0,10.565460205078125,chair,00891-cvZr5TUy5C5,0,196.93040466308594,2,0,2
1.0,0.5744973712490664,0.10113570839166641,tv_monitor,00891-cvZr5TUy5C5,0,196.93040466308594,1,0,1
1.0,0.7604031454240053,0.12542763352394104,tv_monitor,00891-cvZr5TUy5C5,0,196.93040466308594,1,0,1
1.0,0.8097696479423967,0.033735137432813644,toilet,00891-cvZr5TUy5C5,0,196.93040466308594,1,0,1
0.0,0.0,10.782328605651855,chair,00891-cvZr5TUy5C5,0,196.93040466308594,1,0,1
0.0,0.0,7.084290981292725,chair,00831-yr17PDCnDDW,0,273.9668884277344,1,0,1
1.0,0.3250307426483438,0.0586872436106205,chair,00831-yr17PDCnDDW,0,273.9668884277344,1,0,1
1.0,0.4547683549129812,0.08146049082279205,plant,00831-yr17PDCnDDW,0,273.9668884277344,1,0,1
1.0,0.09714373006584738,0.08717948198318481,chair,00831-yr17PDCnDDW,0,273.9668884277344,3,0,3
1.0,0.20737811799728492,0.09276304394006729,tv_monitor,00831-yr17PDCnDDW,0,273.9668884277344,3,0,3
1.0,0.29031883769428907,0.13427263498306274,chair,00829-QaLdnwvtxbs,0,51.208736419677734,1,0,1
1.0,0.7475579644422771,0.18316249549388885,sofa,00829-QaLdnwvtxbs,0,51.208736419677734,1,0,1
1.0,0.20734064103639835,0.18032413721084595,sofa,00824-Dd4bFSTQ8gi,0,78.68595886230469,1,0,1
1.0,0.790195104246742,0.06716538220643997,toilet,00824-Dd4bFSTQ8gi,0,78.68595886230469,1,0,1
1.0,0.8660245482886653,0.060987960547208786,bed,00824-Dd4bFSTQ8gi,0,78.68595886230469,1,0,1
0.0,0.0,3.735051155090332,chair,00824-Dd4bFSTQ8gi,0,78.68595886230469,2,0,2
0.0,0.0,4.123510837554932,chair,00824-Dd4bFSTQ8gi,0,78.68595886230469,1,0,1
1.0,0.8938936473675175,0.1070503368973732,bed,00820-mL8ThkuaVTM,0,49.380516052246094,1,0,1
1.0,0.8738512237537192,0.10320106148719788,bed,00820-mL8ThkuaVTM,0,49.380516052246094,1,0,1
0.0,0.0,4.843723297119141,chair,00873-bxsVRursffK,0,64.13450622558594,1,0,1
1.0,0.8005562346808617,0.10911838710308075,toilet,00873-bxsVRursffK,0,64.13450622558594,1,0,1
0.0,0.0,1.2267194986343384,sofa,00873-bxsVRursffK,0,64.13450622558594,1,0,1
1.0,0.6145462919384942,0.09360034018754959,bed,00873-bxsVRursffK,0,64.13450622558594,1,0,1
1.0,0.919731869708937,0.07773496210575104,plant,00873-bxsVRursffK,0,64.13450622558594,1,0,1
1.0,0.9380177639417046,0.14167392253875732,plant,00873-bxsVRursffK,0,64.13450622558594,1,0,1
1.0,0.4733566264240147,0.16742050647735596,sofa,00869-MHPLjHsuG27,0,14.598527908325195,1,0,1
1.0,0.8293703519671872,0.24220839142799377,tv_monitor,00869-MHPLjHsuG27,0,14.598527908325195,1,0,1
1.0,0.5937807278521854,0.18955625593662262,sofa,00869-MHPLjHsuG27,0,14.598527908325195,1,0,1
1.0,0.7764760011217546,0.11832047998905182,chair,00869-MHPLjHsuG27,1,20.642654418945312,1,0,1
1.0,0.8433645615921243,0.17557664215564728,chair,00835-q3zU7Yy5E5s,0,12.884771347045898,1,0,1
1.0,0.8851817795415566,0.12386433780193329,sofa,00835-q3zU7Yy5E5s,1,23.304763793945312,2,0,2
1.0,0.8684773004345651,0.15870745480060577,sofa,00835-q3zU7Yy5E5s,1,23.304763793945312,1,0,1
0.0,0.0,0.7904430627822876,tv_monitor,00814-p53SfW6mjZe,0,217.1283721923828,1,0,1
1.0,0.872073085007134,0.08548694103956223,bed,00814-p53SfW6mjZe,0,217.1283721923828,1,0,1
0.0,0.0,1.2659859657287598,tv_monitor,00814-p53SfW6mjZe,0,217.1283721923828,3,1,4
1.0,0.798368861063788,0.19977012276649475,chair,00814-p53SfW6mjZe,0,217.1283721923828,1,0,1
1.0,0.3616951997934565,0.07218513637781143,bed,00814-p53SfW6mjZe,0,217.1283721923828,2,0,2
1.0,0.22866040247418312,0.1117180809378624,chair,00815-h1zeeAwLh9Z,0,64.93303680419922,1,0,1
1.0,0.4373184884597758,0.15704447031021118,sofa,00815-h1zeeAwLh9Z,1,37.163169860839844,2,0,2
1.0,0.4010838592070328,0.15520037710666656,chair,00815-h1zeeAwLh9Z,1,37.163169860839844,1,0,1
0.0,0.0,2.5089898109436035,toilet,00815-h1zeeAwLh9Z,0,64.93303680419922,1,0,1
1.0,0.8448184198738161,0.08507935702800751,tv_monitor,00894-HY1NcmCgn3n,0,180.56265258789062,1,0,1
1.0,0.8641197531419625,0.08399152755737305,tv_monitor,00894-HY1NcmCgn3n,0,180.56265258789062,1,0,1
1.0,0.8445877398899874,0.08494044095277786,tv_monitor,00894-HY1NcmCgn3n,0,180.56265258789062,1,0,1
1.0,0.6280398697720156,0.03828269615769386,bed,00862-LT9Jq6dN3Ea,0,275.0478515625,1,0,1
1.0,0.2950910503358375,0.4336870312690735,toilet,00800-TEEsavR23oF,0,76.10676574707031,3,0,3
0.0,0.0,2.4312076568603516,chair,00800-TEEsavR23oF,0,76.10676574707031,2,0,2
1.0,0.593302127336816,0.15398146212100983,bed,00800-TEEsavR23oF,0,76.10676574707031,2,0,2
1.0,0.8498454654054279,0.15010680258274078,bed,00847-bCPU9suPUw9,1,17.04467010498047,1,0,1
1.0,0.8420665256464112,0.15661214292049408,sofa,00847-bCPU9suPUw9,1,17.04467010498047,1,0,1
1.0,0.8042440064663551,0.15593835711479187,bed,00847-bCPU9suPUw9,1,17.04467010498047,1,0,1
1.0,0.7127718617849312,0.10139463096857071,tv_monitor,00848-ziup5kvtCCR,0,60.34342956542969,1,0,1
1.0,0.05275524227298032,0.13204269111156464,toilet,00890-6s7QHgap2fW,0,72.89037322998047,3,2,5
1.0,0.6957956242078269,0.09005174040794373,sofa,00890-6s7QHgap2fW,0,72.89037322998047,1,0,1
1.0,0.8204018055433995,0.17065465450286865,chair,00877-4ok3usBNeis,0,75.36964416503906,1,0,1
0.0,0.0,9.608903884887695,tv_monitor,00877-4ok3usBNeis,0,75.36964416503906,1,0,1
1.0,0.4309911609415412,0.1914997547864914,chair,00832-qyAac8rV8Zk,0,80.03765106201172,1,0,1
1.0,0.8091112016492807,0.15562714636325836,bed,00871-VBzV5z6i1WS,0,59.27443313598633,1,0,1
1.0,0.3494163321732416,0.1096959188580513,toilet,00861-GLAQ4DNUx5U,0,118.05732727050781,3,0,3
0.0,0.0,11.832418441772461,plant,00861-GLAQ4DNUx5U,0,118.05732727050781,1,0,1
0.0,0.0,1.8726873397827148,toilet,00861-GLAQ4DNUx5U,0,118.05732727050781,2,0,2
1.0,0.4757843797687907,0.15400508046150208,tv_monitor,00802-wcojb4TFT35,2,39.943275451660156,3,0,3
0.0,0.0,7.946817398071289,plant,00802-wcojb4TFT35,0,37.30722427368164,1,3,4
0.0,0.0,0.939711332321167,sofa,00821-eF36g7L6Z9M,0,255.54568481445312,1,0,1
1.0,0.1500743695317704,0.15561926364898682,plant,00876-mv2HUxq3B53,0,135.76968383789062,2,0,2
1.0,0.5954376376937178,0.02855626493692398,chair,00876-mv2HUxq3B53,0,135.76968383789062,1,0,1
0.0,0.0,2.1051206588745117,tv_monitor,00878-XB4GS9ShBRE,0,48.26987838745117,1,0,1
1.0,0.5233797879867208,0.14225001633167267,bed,00878-XB4GS9ShBRE,0,48.26987838745117,1,0,1
1.0,0.5515188404036764,0.1922394037246704,chair,00823-7MXmsvcQjpJ,1,85.10262298583984,1,0,1
0.0,0.0,1.2267194986343384,sofa,00873-bxsVRursffK,0,64.13450622558594,1,0,1
0.0,0.0,4.531190872192383,chair,00873-bxsVRursffK,0,64.13450622558594,1,0,1
1.0,0.9380177639417046,0.14167392253875732,plant,00873-bxsVRursffK,0,64.13450622558594,1,0,1
1.0,0.8005562346808617,0.10911838710308075,toilet,00873-bxsVRursffK,0,64.13450622558594,1,0,1
1.0,0.919731869708937,0.07773496210575104,plant,00873-bxsVRursffK,0,64.13450622558594,1,0,1
1.0,0.5681548051199965,0.10074982047080994,bed,00873-bxsVRursffK,0,64.13450622558594,1,0,1
1.0,0.6700589973129867,0.1629825383424759,sofa,00890-6s7QHgap2fW,0,72.89037322998047,1,0,1
0.0,0.0,12.73170280456543,toilet,00890-6s7QHgap2fW,0,72.89037322998047,3,3,6
1.0,0.8431508475313579,0.07648757100105286,chair,00877-4ok3usBNeis,0,75.36964416503906,1,0,1
0.0,0.0,9.829463958740234,tv_monitor,00877-4ok3usBNeis,0,75.36964416503906,1,0,1
1.0,0.8445877398899874,0.08494044095277786,tv_monitor,00894-HY1NcmCgn3n,0,180.56265258789062,1,0,1
1.0,0.266659128745913,0.053062062710523605,tv_monitor,00894-HY1NcmCgn3n,0,180.56265258789062,2,1,3
1.0,0.8641197531419625,0.08399152755737305,tv_monitor,00894-HY1NcmCgn3n,0,180.56265258789062,1,0,1
0.0,0.0,5.709690093994141,bed,00800-TEEsavR23oF,0,76.10676574707031,1,0,1
1.0,0.30359274013569454,0.15605655312538147,toilet,00800-TEEsavR23oF,0,76.10676574707031,3,0,3
0.0,0.0,2.4312076568603516,chair,00800-TEEsavR23oF,0,76.10676574707031,2,0,2
1.0,0.27712177901860074,0.03507932648062706,chair,00831-yr17PDCnDDW,0,273.9668884277344,2,0,2
1.0,0.4547683549129812,0.08146049082279205,plant,00831-yr17PDCnDDW,0,273.9668884277344,1,0,1
1.0,0.09714373006584738,0.08717948198318481,chair,00831-yr17PDCnDDW,0,273.9668884277344,3,0,3
0.0,0.0,7.084290981292725,chair,00831-yr17PDCnDDW,0,273.9668884277344,1,0,1
1.0,0.20984715321211433,0.44084542989730835,tv_monitor,00831-yr17PDCnDDW,0,273.9668884277344,3,0,3
1.0,0.8815335246824801,0.11498618870973587,sofa,00843-DYehNKdT76V,0,62.364925384521484,2,0,2
1.0,0.9478693543250674,0.10157319903373718,bed,00843-DYehNKdT76V,0,62.364925384521484,1,0,1
1.0,0.45904450264319274,0.10861098766326904,plant,00843-DYehNKdT76V,0,62.364925384521484,2,0,2
0.0,0.0,11.832418441772461,plant,00861-GLAQ4DNUx5U,0,118.05732727050781,1,0,1
1.0,0.3494163321732416,0.1096959188580513,toilet,00861-GLAQ4DNUx5U,0,118.05732727050781,3,0,3
0.0,0.0,9.349915504455566,toilet,00861-GLAQ4DNUx5U,0,118.05732727050781,2,1,3
0.0,0.0,0.7904430627822876,tv_monitor,00814-p53SfW6mjZe,0,217.1283721923828,1,0,1
1.0,0.3616951997934565,0.07218513637781143,bed,00814-p53SfW6mjZe,0,217.1283721923828,2,0,2
1.0,0.829868027747583,0.0455213263630867,chair,00814-p53SfW6mjZe,0,217.1283721923828,1,0,1
0.0,0.0,9.261467933654785,tv_monitor,00814-p53SfW6mjZe,0,217.1283721923828,3,0,3
1.0,0.872073085007134,0.08548694103956223,bed,00814-p53SfW6mjZe,0,217.1283721923828,1,0,1
1.0,0.8660245482886653,0.060987960547208786,bed,00824-Dd4bFSTQ8gi,0,78.68595886230469,1,0,1
1.0,0.790195104246742,0.06716538220643997,toilet,00824-Dd4bFSTQ8gi,0,78.68595886230469,1,0,1
0.0,0.0,3.6324105262756348,chair,00824-Dd4bFSTQ8gi,0,78.68595886230469,1,0,1
0.0,0.0,3.6073570251464844,chair,00824-Dd4bFSTQ8gi,0,78.68595886230469,2,0,2
1.0,0.20990688329234458,0.158033087849617,sofa,00824-Dd4bFSTQ8gi,0,78.68595886230469,1,0,1
1.0,0.8738512237537192,0.10320106148719788,bed,00820-mL8ThkuaVTM,0,49.380516052246094,1,0,1
1.0,0.8938936473675175,0.1070503368973732,bed,00820-mL8ThkuaVTM,0,49.380516052246094,1,0,1
1.0,0.75325720346791,0.15525676310062408,toilet,00849-a8BtkwhxdRV,0,64.31393432617188,1,0,1
1.0,0.7876785119626556,0.16798743605613708,toilet,00849-a8BtkwhxdRV,0,64.31393432617188,1,0,1
1.0,0.12482668891650667,0.1943987011909485,tv_monitor,00849-a8BtkwhxdRV,0,64.31393432617188,2,0,2
1.0,0.12489988919654067,0.2144702970981598,tv_monitor,00849-a8BtkwhxdRV,0,64.31393432617188,2,0,2
1.0,0.8498454654054279,0.15010680258274078,bed,00847-bCPU9suPUw9,1,17.04467010498047,1,0,1
1.0,0.8420665256464112,0.15661214292049408,sofa,00847-bCPU9suPUw9,1,17.04467010498047,1,0,1
1.0,0.8042440064663551,0.15593835711479187,bed,00847-bCPU9suPUw9,1,17.04467010498047,1,0,1
1.0,0.30067591200536586,0.10592152178287506,chair,00829-QaLdnwvtxbs,0,51.208736419677734,1,0,1
1.0,0.7475579644422771,0.18316249549388885,sofa,00829-QaLdnwvtxbs,0,51.208736419677734,1,0,1
1.0,0.7965417170404935,0.17482654750347137,sofa,00827-BAbdmeyTvMZ,0,58.549068450927734,1,0,1
1.0,0.8793589990570151,0.2472454011440277,bed,00827-BAbdmeyTvMZ,0,58.549068450927734,1,0,1
1.0,0.21054446534492044,0.1570989489555359,chair,00827-BAbdmeyTvMZ,0,58.549068450927734,2,0,2
1.0,0.27344013640713766,0.15066324174404144,bed,00827-BAbdmeyTvMZ,0,58.549068450927734,3,1,4
1.0,0.7123268173547654,0.1524142026901245,bed,00827-BAbdmeyTvMZ,0,58.549068450927734,1,0,1
0.0,0.0,10.576976776123047,chair,00891-cvZr5TUy5C5,0,196.93040466308594,1,0,1
0.0,0.0,10.782328605651855,chair,00891-cvZr5TUy5C5,0,196.93040466308594,2,0,2
1.0,0.7604031454240053,0.12542763352394104,tv_monitor,00891-cvZr5TUy5C5,0,196.93040466308594,1,0,1
1.0,0.5744973712490664,0.10113570839166641,tv_monitor,00891-cvZr5TUy5C5,0,196.93040466308594,1,0,1
1.0,0.8921429779464938,0.025730084627866745,toilet,00891-cvZr5TUy5C5,0,196.93040466308594,1,0,1
1.0,0.22591073721313082,0.15000128746032715,plant,00803-k1cupFYWXJ6,0,205.6027374267578,2,0,2
1.0,0.23398820197996326,0.054961636662483215,plant,00803-k1cupFYWXJ6,0,205.6027374267578,2,0,2
0.0,0.0,13.549479484558105,sofa,00803-k1cupFYWXJ6,0,205.6027374267578,1,0,1
0.0,0.0,2.4648969173431396,tv_monitor,00878-XB4GS9ShBRE,0,48.26987838745117,1,0,1
1.0,0.5856335076865085,0.0604826956987381,bed,00878-XB4GS9ShBRE,0,48.26987838745117,1,0,1
0.0,0.0,11.628179550170898,toilet,00813-svBbv1Pavdk,0,73.96382904052734,1,0,1
1.0,0.6418713543108342,0.1357569545507431,sofa,00813-svBbv1Pavdk,0,73.96382904052734,1,0,1
1.0,0.6280398697720156,0.03828269615769386,bed,00862-LT9Jq6dN3Ea,0,275.0478515625,1,0,1
1.0,0.7127718617849312,0.10139463096857071,tv_monitor,00848-ziup5kvtCCR,0,60.34342956542969,1,0,1
1.0,0.8439614153628455,0.11175599694252014,bed,00871-VBzV5z6i1WS,0,59.27443313598633,1,0,1
0.0,0.0,9.04027271270752,plant,00802-wcojb4TFT35,0,37.30722427368164,1,3,4
1.0,0.4757843797687907,0.15400508046150208,tv_monitor,00802-wcojb4TFT35,2,39.943275451660156,3,0,3
1.0,0.7015569392924613,0.09713496267795563,chair,00810-CrMo8WxCyVb,0,104.38074493408203,1,0,1
0.0,0.0,0.8320068717002869,plant,00810-CrMo8WxCyVb,0,104.38074493408203,3,3,6
1.0,0.45140501472753936,0.13865625858306885,bed,00810-CrMo8WxCyVb,0,104.38074493408203,1,0,1
1.0,0.6888557453508081,0.17478463053703308,sofa,00810-CrMo8WxCyVb,0,104.38074493408203,1,0,1
1.0,0.7226043575222005,0.08512289077043533,chair,00869-MHPLjHsuG27,1,20.642654418945312,1,0,1
1.0,0.5937807278521854,0.18955625593662262,sofa,00869-MHPLjHsuG27,0,14.598527908325195,1,0,1
1.0,0.8293703519671872,0.24220839142799377,tv_monitor,00869-MHPLjHsuG27,0,14.598527908325195,1,0,1
1.0,0.4681345559065931,0.1929539144039154,sofa,00869-MHPLjHsuG27,0,14.598527908325195,1,0,1
1.0,1.0,0.3553064465522766,sofa,00835-q3zU7Yy5E5s,1,23.304763793945312,1,0,1
1.0,0.9821388951498325,0.08511211723089218,sofa,00835-q3zU7Yy5E5s,1,23.304763793945312,1,0,1
1.0,0.7707658160002201,0.3753594160079956,chair,00835-q3zU7Yy5E5s,0,12.884771347045898,1,0,1
0.0,0.0,12.763128280639648,tv_monitor,00853-5cdEh9F2hJL,0,77.00389099121094,1,0,1
1.0,0.7210103377890372,0.2814904749393463,chair,00853-5cdEh9F2hJL,0,77.00389099121094,1,0,1
1.0,0.40998748740066515,0.1074574738740921,plant,00853-5cdEh9F2hJL,0,77.00389099121094,1,0,1
1.0,0.6930346541136061,0.007583248429000378,sofa,00853-5cdEh9F2hJL,0,77.00389099121094,1,0,1
1.0,0.8010513615088442,0.04001128673553467,bed,00853-5cdEh9F2hJL,0,77.00389099121094,1,0,1
1.0,0.46193750334328265,0.11175844073295593,sofa,00853-5cdEh9F2hJL,0,77.00389099121094,2,0,2
0.0,0.0,2.5089898109436035,toilet,00815-h1zeeAwLh9Z,0,64.93303680419922,2,0,2
1.0,0.4373184884597758,0.15704447031021118,sofa,00815-h1zeeAwLh9Z,1,37.163169860839844,2,0,2
1.0,0.4010838592070328,0.15520037710666656,chair,00815-h1zeeAwLh9Z,1,37.163169860839844,1,0,1
1.0,0.20477331197770252,0.06849052011966705,chair,00815-h1zeeAwLh9Z,0,64.93303680419922,2,0,2
0.0,0.0,0.939711332321167,sofa,00821-eF36g7L6Z9M,0,255.54568481445312,1,0,1
1.0,0.4309911609415412,0.1914997547864914,chair,00832-qyAac8rV8Zk,0,80.03765106201172,1,0,1
1.0,0.5954376376937178,0.02855626493692398,chair,00876-mv2HUxq3B53,0,135.76968383789062,1,0,1
1.0,0.15433259430905302,0.06180691719055176,plant,00876-mv2HUxq3B53,0,135.76968383789062,2,0,2
1.0,0.5245023655196263,0.15063421428203583,chair,00880-Nfvxx8J5NCo,0,63.492286682128906,1,0,1
0.0,0.0,2.983264446258545,tv_monitor,00880-Nfvxx8J5NCo,0,63.492286682128906,1,0,1
1.0,0.7812741023795529,0.15074476599693298,chair,00880-Nfvxx8J5NCo,0,63.492286682128906,1,0,1
1.0,0.49096376107082956,0.1548779308795929,sofa,00839-zt1RVoi7PcG,0,127.87889862060547,1,0,1
1.0,0.5703103411930335,0.08277065306901932,chair,00823-7MXmsvcQjpJ,1,85.10262298583984,1,0,1
0.0,0.0,4.531190872192383,chair,00873-bxsVRursffK,0,64.13450622558594,1,0,1
1.0,0.8463163400967877,0.06567002087831497,plant,00873-bxsVRursffK,0,64.13450622558594,1,0,1
1.0,0.9380177639417046,0.14167392253875732,plant,00873-bxsVRursffK,0,64.13450622558594,1,0,1
0.0,0.0,1.2267194986343384,sofa,00873-bxsVRursffK,0,64.13450622558594,1,0,1
1.0,0.8005562346808617,0.10911838710308075,toilet,00873-bxsVRursffK,0,64.13450622558594,1,0,1
1.0,0.6145462919384942,0.09360034018754959,bed,00873-bxsVRursffK,0,64.13450622558594,1,0,1
1.0,0.8010513615088442,0.04001128673553467,bed,00853-5cdEh9F2hJL,0,77.00389099121094,1,0,1
1.0,0.6328810621788653,0.10662638396024704,sofa,00853-5cdEh9F2hJL,0,77.00389099121094,1,0,1
1.0,0.46193750334328265,0.11175844073295593,sofa,00853-5cdEh9F2hJL,0,77.00389099121094,2,0,2
1.0,0.40998748740066515,0.1074574738740921,plant,00853-5cdEh9F2hJL,0,77.00389099121094,1,0,1
0.0,0.0,12.763128280639648,tv_monitor,00853-5cdEh9F2hJL,0,77.00389099121094,1,0,1
1.0,0.7372133677772226,0.2322472184896469,chair,00853-5cdEh9F2hJL,0,77.00389099121094,1,0,1
1.0,0.872073085007134,0.08548694103956223,bed,00814-p53SfW6mjZe,0,217.1283721923828,1,0,1
1.0,0.829868027747583,0.0455213263630867,chair,00814-p53SfW6mjZe,0,217.1283721923828,1,0,1
0.0,0.0,1.103900671005249,tv_monitor,00814-p53SfW6mjZe,0,217.1283721923828,3,1,4
1.0,1.0,0.461132675409317,tv_monitor,00814-p53SfW6mjZe,0,217.1283721923828,1,0,1
1.0,0.3616951997934565,0.07218513637781143,bed,00814-p53SfW6mjZe,0,217.1283721923828,2,0,2
1.0,0.3494163321732416,0.1096959188580513,toilet,00861-GLAQ4DNUx5U,0,118.05732727050781,3,0,3
1.0,0.40028326356069416,0.043965961784124374,toilet,00861-GLAQ4DNUx5U,0,118.05732727050781,2,1,3
0.0,0.0,12.0858793258667,plant,00861-GLAQ4DNUx5U,0,118.05732727050781,1,0,1
1.0,0.8448184198738161,0.08507935702800751,tv_monitor,00894-HY1NcmCgn3n,0,180.56265258789062,1,0,1
1.0,0.8641197531419625,0.08399152755737305,tv_monitor,00894-HY1NcmCgn3n,0,180.56265258789062,1,0,1
1.0,0.8445877398899874,0.08494044095277786,tv_monitor,00894-HY1NcmCgn3n,0,180.56265258789062,1,0,1
1.0,0.7965417170404935,0.17482654750347137,sofa,00827-BAbdmeyTvMZ,0,58.549068450927734,1,0,1
1.0,0.8793589990570151,0.2472454011440277,bed,00827-BAbdmeyTvMZ,0,58.549068450927734,1,0,1
1.0,0.20369143705609621,0.18993259966373444,chair,00827-BAbdmeyTvMZ,0,58.549068450927734,2,0,2
1.0,0.27344013640713766,0.15066324174404144,bed,00827-BAbdmeyTvMZ,0,58.549068450927734,3,1,4
1.0,0.7123268173547654,0.1524142026901245,bed,00827-BAbdmeyTvMZ,0,58.549068450927734,1,0,1
1.0,0.7812741023795529,0.15074476599693298,chair,00880-Nfvxx8J5NCo,0,63.492286682128906,1,0,1
1.0,0.5245023655196263,0.15063421428203583,chair,00880-Nfvxx8J5NCo,0,63.492286682128906,1,0,1
0.0,0.0,3.1682400703430176,tv_monitor,00880-Nfvxx8J5NCo,0,63.492286682128906,1,0,1
1.0,0.5937807278521854,0.18955625593662262,sofa,00869-MHPLjHsuG27,0,14.598527908325195,1,0,1
1.0,0.8293703519671872,0.24220839142799377,tv_monitor,00869-MHPLjHsuG27,0,14.598527908325195,1,0,1
1.0,0.7764760011217546,0.11832047998905182,chair,00869-MHPLjHsuG27,1,20.642654418945312,1,0,1
1.0,0.4681345559065931,0.1929539144039154,sofa,00869-MHPLjHsuG27,0,14.598527908325195,1,0,1
1.0,0.8660245482886653,0.060987960547208786,bed,00824-Dd4bFSTQ8gi,0,78.68595886230469,1,0,1
0.0,0.0,3.735051155090332,chair,00824-Dd4bFSTQ8gi,0,78.68595886230469,2,0,2
0.0,0.0,3.6324105262756348,chair,00824-Dd4bFSTQ8gi,0,78.68595886230469,1,0,1
1.0,0.20734064103639835,0.18032413721084595,sofa,00824-Dd4bFSTQ8gi,0,78.68595886230469,1,0,1
1.0,0.790195104246742,0.06716538220643997,toilet,00824-Dd4bFSTQ8gi,0,78.68595886230469,1,0,1
1.0,0.5856335076865085,0.0604826956987381,bed,00878-XB4GS9ShBRE,0,48.26987838745117,1,0,1
0.0,0.0,2.4648969173431396,tv_monitor,00878-XB4GS9ShBRE,0,48.26987838745117,1,0,1
1.0,0.8097696479423967,0.033735137432813644,toilet,00891-cvZr5TUy5C5,0,196.93040466308594,1,0,1
0.0,0.0,10.782328605651855,chair,00891-cvZr5TUy5C5,0,196.93040466308594,1,0,1
1.0,0.5744973712490664,0.10113570839166641,tv_monitor,00891-cvZr5TUy5C5,0,196.93040466308594,1,0,1
1.0,0.7604031454240053,0.12542763352394104,tv_monitor,00891-cvZr5TUy5C5,0,196.93040466308594,1,0,1
0.0,0.0,10.782328605651855,chair,00891-cvZr5TUy5C5,0,196.93040466308594,1,0,1
1.0,0.2243282270451126,0.15000128746032715,plant,00803-k1cupFYWXJ6,0,205.6027374267578,2,0,2
1.0,0.2364271297637755,0.06087507680058479,plant,00803-k1cupFYWXJ6,0,205.6027374267578,2,0,2
0.0,0.0,13.549479484558105,sofa,00803-k1cupFYWXJ6,0,205.6027374267578,1,0,1
1.0,0.23592479178702933,0.06368951499462128,chair,00815-h1zeeAwLh9Z,0,64.93303680419922,1,0,1
1.0,0.4373184884597758,0.15704447031021118,sofa,00815-h1zeeAwLh9Z,1,37.163169860839844,2,0,2
1.0,0.4010838592070328,0.15520037710666656,chair,00815-h1zeeAwLh9Z,1,37.163169860839844,1,0,1
0.0,0.0,2.5089898109436035,toilet,00815-h1zeeAwLh9Z,0,64.93303680419922,1,0,1
1.0,0.8938936473675175,0.1070503368973732,bed,00820-mL8ThkuaVTM,0,49.380516052246094,1,0,1
1.0,0.8738512237537192,0.10320106148719788,bed,00820-mL8ThkuaVTM,0,49.380516052246094,1,0,1
1.0,0.4195256246771658,0.04616779834032059,chair,00832-qyAac8rV8Zk,0,80.03765106201172,1,0,1
1.0,0.49096376107082956,0.1548779308795929,sofa,00839-zt1RVoi7PcG,0,127.87889862060547,1,0,1
1.0,0.12630024529759937,0.1970292031764984,tv_monitor,00849-a8BtkwhxdRV,0,64.31393432617188,2,0,2
1.0,0.7191361151619428,0.2132052630186081,toilet,00849-a8BtkwhxdRV,0,64.31393432617188,1,0,1
1.0,0.7876785119626556,0.16798743605613708,toilet,00849-a8BtkwhxdRV,0,64.31393432617188,1,0,1
1.0,0.12482668891650667,0.1943987011909485,tv_monitor,00849-a8BtkwhxdRV,0,64.31393432617188,2,0,2
1.0,0.7015569392924613,0.09713496267795563,chair,00810-CrMo8WxCyVb,0,104.38074493408203,1,0,1
1.0,0.7575113376826388,0.10197868943214417,sofa,00810-CrMo8WxCyVb,0,104.38074493408203,1,0,1
1.0,0.5202976176664824,0.06052016839385033,bed,00810-CrMo8WxCyVb,0,104.38074493408203,1,0,1
0.0,0.0,5.480249404907227,plant,00810-CrMo8WxCyVb,0,104.38074493408203,2,0,2
1.0,0.7707658160002201,0.3753594160079956,chair,00835-q3zU7Yy5E5s,0,12.884771347045898,1,0,1
1.0,0.8684773004345651,0.15870745480060577,sofa,00835-q3zU7Yy5E5s,1,23.304763793945312,1,0,1
1.0,1.0,0.26358193159103394,sofa,00835-q3zU7Yy5E5s,1,23.304763793945312,1,0,1
0.0,0.0,9.245936393737793,plant,00802-wcojb4TFT35,0,37.30722427368164,1,1,2
1.0,0.4757843797687907,0.15400508046150208,tv_monitor,00802-wcojb4TFT35,2,39.943275451660156,3,0,3
1.0,0.6957956242078269,0.09005174040794373,sofa,00890-6s7QHgap2fW,0,72.89037322998047,1,0,1
0.0,0.0,16.42734718322754,toilet,00890-6s7QHgap2fW,0,72.89037322998047,2,0,2
1.0,0.8042440064663551,0.15593835711479187,bed,00847-bCPU9suPUw9,1,17.04467010498047,1,0,1
1.0,0.8498454654054279,0.15010680258274078,bed,00847-bCPU9suPUw9,1,17.04467010498047,1,0,1
1.0,0.8420665256464112,0.15661214292049408,sofa,00847-bCPU9suPUw9,1,17.04467010498047,1,0,1
1.0,0.7475579644422771,0.18316249549388885,sofa,00829-QaLdnwvtxbs,0,51.208736419677734,1,0,1
1.0,0.29031883769428907,0.13427263498306274,chair,00829-QaLdnwvtxbs,0,51.208736419677734,1,0,1
1.0,0.7127718617849312,0.10139463096857071,tv_monitor,00848-ziup5kvtCCR,0,60.34342956542969,1,0,1
0.0,0.0,7.571683406829834,chair,00831-yr17PDCnDDW,0,273.9668884277344,1,0,1
1.0,0.4547683549129812,0.08146049082279205,plant,00831-yr17PDCnDDW,0,273.9668884277344,1,0,1
1.0,0.3011869311580393,0.032557886093854904,chair,00831-yr17PDCnDDW,0,273.9668884277344,1,0,1
1.0,0.09714373006584738,0.08717948198318481,chair,00831-yr17PDCnDDW,0,273.9668884277344,3,0,3
1.0,0.20984715321211433,0.44084542989730835,tv_monitor,00831-yr17PDCnDDW,0,273.9668884277344,3,0,3
1.0,0.8815335246824801,0.11498618870973587,sofa,00843-DYehNKdT76V,0,62.364925384521484,2,0,2
1.0,0.9478693543250674,0.10157319903373718,bed,00843-DYehNKdT76V,0,62.364925384521484,1,0,1
1.0,0.45904450264319274,0.10861098766326904,plant,00843-DYehNKdT76V,0,62.364925384521484,2,0,2
1.0,0.6280398697720156,0.03828269615769386,bed,00862-LT9Jq6dN3Ea,0,275.0478515625,1,0,1
1.0,0.624873875919678,0.15926674008369446,bed,00800-TEEsavR23oF,0,76.10676574707031,2,0,2
1.0,0.2950910503358375,0.4336870312690735,toilet,00800-TEEsavR23oF,0,76.10676574707031,3,0,3
1.0,0.262028027083184,0.12601304054260254,chair,00800-TEEsavR23oF,0,76.10676574707031,3,0,3
1.0,0.5703103411930335,0.08277065306901932,chair,00823-7MXmsvcQjpJ,1,85.10262298583984,1,0,1
1.0,0.8431508475313579,0.07648757100105286,chair,00877-4ok3usBNeis,0,75.36964416503906,1,0,1
0.0,0.0,9.829463958740234,tv_monitor,00877-4ok3usBNeis,0,75.36964416503906,1,0,1
1.0,0.8439614153628455,0.11175599694252014,bed,00871-VBzV5z6i1WS,0,59.27443313598633,1,0,1
0.0,0.0,0.9596776962280273,sofa,00821-eF36g7L6Z9M,0,255.54568481445312,1,0,1
1.0,0.6418713543108342,0.1357569545507431,sofa,00813-svBbv1Pavdk,0,73.96382904052734,1,0,1
0.0,0.0,11.628179550170898,toilet,00813-svBbv1Pavdk,0,73.96382904052734,1,0,1
1.0,0.5529701913518338,0.12292715162038803,chair,00876-mv2HUxq3B53,0,135.76968383789062,1,0,1
1.0,0.1500743695317704,0.15561926364898682,plant,00876-mv2HUxq3B53,0,135.76968383789062,2,0,2
1.0,0.3494163321732416,0.1096959188580513,toilet,00861-GLAQ4DNUx5U,0,118.05732727050781,3,0,3
0.0,0.0,11.832418441772461,plant,00861-GLAQ4DNUx5U,0,118.05732727050781,1,0,1
0.0,0.0,1.6401578187942505,toilet,00861-GLAQ4DNUx5U,0,118.05732727050781,2,0,2
1.0,0.829868027747583,0.0455213263630867,chair,00814-p53SfW6mjZe,0,217.1283721923828,1,0,1
0.0,0.0,0.7904430627822876,tv_monitor,00814-p53SfW6mjZe,0,217.1283721923828,1,0,1
0.0,0.0,1.2419953346252441,tv_monitor,00814-p53SfW6mjZe,0,217.1283721923828,3,2,5
1.0,0.3616951997934565,0.07218513637781143,bed,00814-p53SfW6mjZe,0,217.1283721923828,2,0,2
1.0,0.8537670047321068,0.17918944358825684,bed,00814-p53SfW6mjZe,0,217.1283721923828,1,0,1
1.0,0.2768917417029116,0.1620585173368454,bed,00827-BAbdmeyTvMZ,0,58.549068450927734,3,1,4
1.0,0.9102246623485889,0.1572902500629425,bed,00827-BAbdmeyTvMZ,0,58.549068450927734,1,0,1
1.0,0.7123268173547654,0.1524142026901245,bed,00827-BAbdmeyTvMZ,0,58.549068450927734,1,0,1
1.0,0.7965417170404935,0.17482654750347137,sofa,00827-BAbdmeyTvMZ,0,58.549068450927734,1,0,1
1.0,0.21054446534492044,0.1570989489555359,chair,00827-BAbdmeyTvMZ,0,58.549068450927734,2,0,2
1.0,0.8445877398899874,0.08494044095277786,tv_monitor,00894-HY1NcmCgn3n,0,180.56265258789062,1,0,1
1.0,0.8641197531419625,0.08399152755737305,tv_monitor,00894-HY1NcmCgn3n,0,180.56265258789062,1,0,1
1.0,0.8448184198738161,0.08507935702800751,tv_monitor,00894-HY1NcmCgn3n,0,180.56265258789062,1,0,1
0.0,0.0,15.951492309570312,toilet,00890-6s7QHgap2fW,0,72.89037322998047,2,0,2
1.0,0.665141034921998,0.1649377942085266,sofa,00890-6s7QHgap2fW,0,72.89037322998047,1,0,1
1.0,0.7475579644422771,0.18316249549388885,sofa,00829-QaLdnwvtxbs,0,51.208736419677734,1,0,1
1.0,0.30067591200536586,0.10592152178287506,chair,00829-QaLdnwvtxbs,0,51.208736419677734,1,0,1
0.0,0.0,9.608903884887695,tv_monitor,00877-4ok3usBNeis,0,75.36964416503906,1,0,1
1.0,0.8431508475313579,0.07648757100105286,chair,00877-4ok3usBNeis,0,75.36964416503906,1,0,1
0.0,0.0,8.036595344543457,plant,00802-wcojb4TFT35,0,37.30722427368164,1,2,3
1.0,0.4757843797687907,0.15400508046150208,tv_monitor,00802-wcojb4TFT35,2,39.943275451660156,3,0,3
1.0,0.5681548051199965,0.10074982047080994,bed,00873-bxsVRursffK,0,64.13450622558594,1,0,1
0.0,0.0,1.2267194986343384,sofa,00873-bxsVRursffK,0,64.13450622558594,1,0,1
1.0,0.8005562346808617,0.10911838710308075,toilet,00873-bxsVRursffK,0,64.13450622558594,1,0,1
0.0,0.0,4.531190872192383,chair,00873-bxsVRursffK,0,64.13450622558594,1,0,1
1.0,0.919731869708937,0.07773496210575104,plant,00873-bxsVRursffK,0,64.13450622558594,1,0,1
1.0,0.8796229444059565,0.033123958855867386,plant,00873-bxsVRursffK,0,64.13450622558594,1,0,1
1.0,0.262028027083184,0.12601304054260254,chair,00800-TEEsavR23oF,0,76.10676574707031,3,0,3
1.0,0.624873875919678,0.15926674008369446,bed,00800-TEEsavR23oF,0,76.10676574707031,2,0,2
1.0,0.2950910503358375,0.4336870312690735,toilet,00800-TEEsavR23oF,0,76.10676574707031,3,0,3
1.0,0.38695648308379726,0.19025753438472748,chair,00815-h1zeeAwLh9Z,1,37.163169860839844,1,0,1
1.0,0.23592479178702933,0.06368951499462128,chair,00815-h1zeeAwLh9Z,0,64.93303680419922,1,0,1
0.0,0.0,2.5089898109436035,toilet,00815-h1zeeAwLh9Z,0,64.93303680419922,1,0,1
1.0,0.4273201984743483,0.2048184722661972,sofa,00815-h1zeeAwLh9Z,1,37.163169860839844,2,0,2
1.0,0.27712177901860074,0.03507932648062706,chair,00831-yr17PDCnDDW,0,273.9668884277344,2,0,2
1.0,0.20737811799728492,0.09276304394006729,tv_monitor,00831-yr17PDCnDDW,0,273.9668884277344,3,0,3
0.0,0.0,7.084290981292725,chair,00831-yr17PDCnDDW,0,273.9668884277344,1,0,1
1.0,0.09714373006584738,0.08717948198318481,chair,00831-yr17PDCnDDW,0,273.9668884277344,3,0,3
1.0,0.4547683549129812,0.08146049082279205,plant,00831-yr17PDCnDDW,0,273.9668884277344,1,0,1
0.0,0.0,11.628179550170898,toilet,00813-svBbv1Pavdk,0,73.96382904052734,1,0,1
1.0,0.6418713543108342,0.1357569545507431,sofa,00813-svBbv1Pavdk,0,73.96382904052734,1,0,1
0.0,0.0,2.1051206588745117,tv_monitor,00878-XB4GS9ShBRE,0,48.26987838745117,1,0,1
1.0,0.5856335076865085,0.0604826956987381,bed,00878-XB4GS9ShBRE,0,48.26987838745117,1,0,1
1.0,0.8433645615921243,0.17557664215564728,chair,00835-q3zU7Yy5E5s,0,12.884771347045898,1,0,1
1.0,0.8684773004345651,0.15870745480060577,sofa,00835-q3zU7Yy5E5s,1,23.304763793945312,1,0,1
1.0,1.0,0.26358193159103394,sofa,00835-q3zU7Yy5E5s,1,23.304763793945312,1,0,1
1.0,0.6930346541136061,0.007583248429000378,sofa,00853-5cdEh9F2hJL,0,77.00389099121094,1,0,1
1.0,0.7210103377890372,0.2814904749393463,chair,00853-5cdEh9F2hJL,0,77.00389099121094,1,0,1
0.0,0.0,12.763128280639648,tv_monitor,00853-5cdEh9F2hJL,0,77.00389099121094,1,0,1
1.0,0.8010513615088442,0.04001128673553467,bed,00853-5cdEh9F2hJL,0,77.00389099121094,1,0,1
1.0,0.40998748740066515,0.1074574738740921,plant,00853-5cdEh9F2hJL,0,77.00389099121094,1,0,1
1.0,0.46193750334328265,0.11175844073295593,sofa,00853-5cdEh9F2hJL,0,77.00389099121094,2,0,2
0.0,0.0,3.6324105262756348,chair,00824-Dd4bFSTQ8gi,0,78.68595886230469,1,0,1
1.0,0.8660245482886653,0.060987960547208786,bed,00824-Dd4bFSTQ8gi,0,78.68595886230469,1,0,1
1.0,0.20990688329234458,0.158033087849617,sofa,00824-Dd4bFSTQ8gi,0,78.68595886230469,1,0,1
1.0,0.790195104246742,0.06716538220643997,toilet,00824-Dd4bFSTQ8gi,0,78.68595886230469,1,0,1
0.0,0.0,3.6073570251464844,chair,00824-Dd4bFSTQ8gi,0,78.68595886230469,2,0,2
1.0,0.15433259430905302,0.06180691719055176,plant,00876-mv2HUxq3B53,0,135.76968383789062,2,0,2
1.0,0.5529701913518338,0.12292715162038803,chair,00876-mv2HUxq3B53,0,135.76968383789062,1,0,1
1.0,0.5703103411930335,0.08277065306901932,chair,00823-7MXmsvcQjpJ,1,85.10262298583984,1,0,1
1.0,0.7876785119626556,0.16798743605613708,toilet,00849-a8BtkwhxdRV,0,64.31393432617188,1,0,1
1.0,0.12630024529759937,0.1970292031764984,tv_monitor,00849-a8BtkwhxdRV,0,64.31393432617188,2,0,2
1.0,0.12482668891650667,0.1943987011909485,tv_monitor,00849-a8BtkwhxdRV,0,64.31393432617188,2,0,2
1.0,0.75325720346791,0.15525676310062408,toilet,00849-a8BtkwhxdRV,0,64.31393432617188,1,0,1
0.0,0.0,13.549479484558105,sofa,00803-k1cupFYWXJ6,0,205.6027374267578,1,0,1
1.0,0.2364271297637755,0.06087507680058479,plant,00803-k1cupFYWXJ6,0,205.6027374267578,2,0,2
1.0,0.23398820197996326,0.054961636662483215,plant,00803-k1cupFYWXJ6,0,205.6027374267578,2,0,2
1.0,0.8042440064663551,0.15593835711479187,bed,00847-bCPU9suPUw9,1,17.04467010498047,1,0,1
1.0,0.8498454654054279,0.15010680258274078,bed,00847-bCPU9suPUw9,1,17.04467010498047,1,0,1
1.0,0.8420665256464112,0.15661214292049408,sofa,00847-bCPU9suPUw9,1,17.04467010498047,1,0,1
1.0,0.4733566264240147,0.16742050647735596,sofa,00869-MHPLjHsuG27,0,14.598527908325195,1,0,1
1.0,0.8293703519671872,0.24220839142799377,tv_monitor,00869-MHPLjHsuG27,0,14.598527908325195,1,0,1
1.0,0.5989314154828154,0.1617676168680191,sofa,00869-MHPLjHsuG27,0,14.598527908325195,1,0,1
1.0,0.7764760011217546,0.11832047998905182,chair,00869-MHPLjHsuG27,1,20.642654418945312,1,0,1
0.0,0.0,4.504570007324219,plant,00810-CrMo8WxCyVb,0,104.38074493408203,3,1,4
1.0,0.6888557453508081,0.17478463053703308,sofa,00810-CrMo8WxCyVb,0,104.38074493408203,1,0,1
1.0,0.7015569392924613,0.09713496267795563,chair,00810-CrMo8WxCyVb,0,104.38074493408203,1,0,1
1.0,0.5202976176664824,0.06052016839385033,bed,00810-CrMo8WxCyVb,0,104.38074493408203,1,0,1
1.0,0.4489438809002737,0.21569646894931793,plant,00843-DYehNKdT76V,0,62.364925384521484,2,0,2
1.0,0.8815335246824801,0.11498618870973587,sofa,00843-DYehNKdT76V,0,62.364925384521484,2,0,2
1.0,0.9478693543250674,0.10157319903373718,bed,00843-DYehNKdT76V,0,62.364925384521484,1,0,1
1.0,0.8921429779464938,0.025730084627866745,toilet,00891-cvZr5TUy5C5,0,196.93040466308594,1,0,1
0.0,0.0,10.576976776123047,chair,00891-cvZr5TUy5C5,0,196.93040466308594,1,0,1
1.0,0.5744973712490664,0.10113570839166641,tv_monitor,00891-cvZr5TUy5C5,0,196.93040466308594,1,0,1
1.0,0.7604031454240053,0.12542763352394104,tv_monitor,00891-cvZr5TUy5C5,0,196.93040466308594,1,0,1
0.0,0.0,10.782328605651855,chair,00891-cvZr5TUy5C5,0,196.93040466308594,2,0,2
0.0,0.0,3.1682400703430176,tv_monitor,00880-Nfvxx8J5NCo,0,63.492286682128906,1,0,1
1.0,0.5245023655196263,0.15063421428203583,chair,00880-Nfvxx8J5NCo,0,63.492286682128906,1,0,1
1.0,0.7275800428899195,0.16922852396965027,chair,00880-Nfvxx8J5NCo,0,63.492286682128906,1,0,1
1.0,0.8938936473675175,0.1070503368973732,bed,00820-mL8ThkuaVTM,0,49.380516052246094,1,0,1
1.0,0.8453067727745412,0.17489567399024963,bed,00820-mL8ThkuaVTM,0,49.380516052246094,1,0,1
1.0,0.6792918026789191,0.09352590143680573,tv_monitor,00848-ziup5kvtCCR,0,60.34342956542969,1,0,1
1.0,0.49096376107082956,0.1548779308795929,sofa,00839-zt1RVoi7PcG,0,127.87889862060547,1,0,1
1.0,0.8439614153628455,0.11175599694252014,bed,00871-VBzV5z6i1WS,0,59.27443313598633,1,0,1
1.0,0.44906684065313446,0.07451741397380829,chair,00832-qyAac8rV8Zk,0,80.03765106201172,1,0,1
1.0,0.6280398697720156,0.03828269615769386,bed,00862-LT9Jq6dN3Ea,0,275.0478515625,1,0,1
0.0,0.0,0.939711332321167,sofa,00821-eF36g7L6Z9M,0,255.54568481445312,1,0,1
1.0,0.8445877398899874,0.08494044095277786,tv_monitor,00894-HY1NcmCgn3n,0,180.56265258789062,1,0,1
1.0,0.8249118593513832,0.11826950311660767,tv_monitor,00894-HY1NcmCgn3n,0,180.56265258789062,1,0,1
1.0,0.8641197531419625,0.08399152755737305,tv_monitor,00894-HY1NcmCgn3n,0,180.56265258789062,1,0,1
1.0,0.8415364637951239,0.1734437793493271,bed,00824-Dd4bFSTQ8gi,0,78.68595886230469,1,0,1
0.0,0.0,3.6324105262756348,chair,00824-Dd4bFSTQ8gi,0,78.68595886230469,1,0,1
0.0,0.0,3.735051155090332,chair,00824-Dd4bFSTQ8gi,0,78.68595886230469,2,0,2
1.0,0.790195104246742,0.06716538220643997,toilet,00824-Dd4bFSTQ8gi,0,78.68595886230469,1,0,1
1.0,0.20990688329234458,0.158033087849617,sofa,00824-Dd4bFSTQ8gi,0,78.68595886230469,1,0,1
1.0,0.5202976176664824,0.06052016839385033,bed,00810-CrMo8WxCyVb,0,104.38074493408203,1,0,1
0.0,0.0,4.457045555114746,plant,00810-CrMo8WxCyVb,0,104.38074493408203,3,3,6
1.0,0.7575113376826388,0.10197868943214417,sofa,00810-CrMo8WxCyVb,0,104.38074493408203,1,0,1
1.0,0.7015569392924613,0.09713496267795563,chair,00810-CrMo8WxCyVb,0,104.38074493408203,1,0,1
1.0,0.7876785119626556,0.16798743605613708,toilet,00849-a8BtkwhxdRV,0,64.31393432617188,1,0,1
1.0,0.75325720346791,0.15525676310062408,toilet,00849-a8BtkwhxdRV,0,64.31393432617188,1,0,1
1.0,0.12482668891650667,0.1943987011909485,tv_monitor,00849-a8BtkwhxdRV,0,64.31393432617188,2,0,2
1.0,0.12630024529759937,0.1970292031764984,tv_monitor,00849-a8BtkwhxdRV,0,64.31393432617188,2,0,2
0.0,0.0,0.939711332321167,sofa,00821-eF36g7L6Z9M,0,255.54568481445312,1,0,1
0.0,0.0,16.355525970458984,toilet,00890-6s7QHgap2fW,0,72.89037322998047,2,0,2
1.0,0.665141034921998,0.1649377942085266,sofa,00890-6s7QHgap2fW,0,72.89037322998047,1,0,1
1.0,0.15433259430905302,0.06180691719055176,plant,00876-mv2HUxq3B53,0,135.76968383789062,2,0,2
1.0,0.5529701913518338,0.12292715162038803,chair,00876-mv2HUxq3B53,0,135.76968383789062,1,0,1
1.0,0.7812741023795529,0.15074476599693298,chair,00880-Nfvxx8J5NCo,0,63.492286682128906,1,0,1
1.0,0.5245023655196263,0.15063421428203583,chair,00880-Nfvxx8J5NCo,0,63.492286682128906,1,0,1
0.0,0.0,2.983264446258545,tv_monitor,00880-Nfvxx8J5NCo,0,63.492286682128906,1,0,1
1.0,0.9380177639417046,0.14167392253875732,plant,00873-bxsVRursffK,0,64.13450622558594,1,0,1
1.0,0.7709490951314012,0.1827961951494217,toilet,00873-bxsVRursffK,0,64.13450622558594,1,0,1
0.0,0.0,0.7675683498382568,sofa,00873-bxsVRursffK,0,64.13450622558594,1,0,1
1.0,0.919731869708937,0.07773496210575104,plant,00873-bxsVRursffK,0,64.13450622558594,1,0,1
0.0,0.0,4.843723297119141,chair,00873-bxsVRursffK,0,64.13450622558594,1,0,1
1.0,0.5681548051199965,0.10074982047080994,bed,00873-bxsVRursffK,0,64.13450622558594,1,0,1
1.0,0.38695648308379726,0.19025753438472748,chair,00815-h1zeeAwLh9Z,1,37.163169860839844,1,0,1
0.0,0.0,2.5089898109436035,toilet,00815-h1zeeAwLh9Z,0,64.93303680419922,1,0,1
0.0,0.0,6.988524913787842,sofa,00815-h1zeeAwLh9Z,1,37.163169860839844,1,0,1
1.0,0.23592479178702933,0.06368951499462128,chair,00815-h1zeeAwLh9Z,0,64.93303680419922,1,0,1
0.0,0.0,10.565460205078125,chair,00891-cvZr5TUy5C5,0,196.93040466308594,2,0,2
1.0,0.8097696479423967,0.033735137432813644,toilet,00891-cvZr5TUy5C5,0,196.93040466308594,1,0,1
1.0,0.5744973712490664,0.10113570839166641,tv_monitor,00891-cvZr5TUy5C5,0,196.93040466308594,1,0,1
1.0,0.7604031454240053,0.12542763352394104,tv_monitor,00891-cvZr5TUy5C5,0,196.93040466308594,1,0,1
0.0,0.0,10.576976776123047,chair,00891-cvZr5TUy5C5,0,196.93040466308594,1,0,1
1.0,0.2634258833977215,0.15762867033481598,bed,00827-BAbdmeyTvMZ,0,58.549068450927734,3,2,5
1.0,0.20616274922636574,0.1764281541109085,chair,00827-BAbdmeyTvMZ,0,58.549068450927734,2,0,2
1.0,0.7123268173547654,0.1524142026901245,bed,00827-BAbdmeyTvMZ,0,58.549068450927734,1,0,1
1.0,0.9102246623485889,0.1572902500629425,bed,00827-BAbdmeyTvMZ,0,58.549068450927734,1,0,1
1.0,0.7965417170404935,0.17482654750347137,sofa,00827-BAbdmeyTvMZ,0,58.549068450927734,1,0,1
1.0,0.8212318572369937,0.10543377697467804,sofa,00843-DYehNKdT76V,0,62.364925384521484,2,0,2
1.0,0.45904450264319274,0.10861098766326904,plant,00843-DYehNKdT76V,0,62.364925384521484,2,0,2
1.0,0.9096732460507945,0.10425189137458801,bed,00843-DYehNKdT76V,0,62.364925384521484,1,0,1
1.0,0.5503092029898818,0.19178110361099243,chair,00823-7MXmsvcQjpJ,1,85.10262298583984,1,0,1
1.0,0.8042440064663551,0.15593835711479187,bed,00847-bCPU9suPUw9,1,17.04467010498047,1,0,1
1.0,0.8498454654054279,0.15010680258274078,bed,00847-bCPU9suPUw9,1,17.04467010498047,1,0,1
1.0,0.8420665256464112,0.15661214292049408,sofa,00847-bCPU9suPUw9,1,17.04467010498047,1,0,1
1.0,0.7127718617849312,0.10139463096857071,tv_monitor,00848-ziup5kvtCCR,0,60.34342956542969,1,0,1
1.0,0.6280398697720156,0.03828269615769386,bed,00862-LT9Jq6dN3Ea,0,275.0478515625,1,0,1
1.0,0.29031883769428907,0.13427263498306274,chair,00829-QaLdnwvtxbs,0,51.208736419677734,1,0,1
1.0,0.7475579644422771,0.18316249549388885,sofa,00829-QaLdnwvtxbs,0,51.208736419677734,1,0,1
0.0,0.0,2.1051206588745117,tv_monitor,00878-XB4GS9ShBRE,0,48.26987838745117,1,0,1
1.0,0.5856335076865085,0.0604826956987381,bed,00878-XB4GS9ShBRE,0,48.26987838745117,1,0,1
1.0,0.40998748740066515,0.1074574738740921,plant,00853-5cdEh9F2hJL,0,77.00389099121094,1,0,1
0.0,0.0,12.763128280639648,tv_monitor,00853-5cdEh9F2hJL,0,77.00389099121094,1,0,1
1.0,0.4586839564043025,0.15094739198684692,sofa,00853-5cdEh9F2hJL,0,77.00389099121094,2,0,2
1.0,0.7210103377890372,0.2814904749393463,chair,00853-5cdEh9F2hJL,0,77.00389099121094,1,0,1
1.0,0.8010513615088442,0.04001128673553467,bed,00853-5cdEh9F2hJL,0,77.00389099121094,1,0,1
1.0,0.6380119264547208,0.10024379938840866,sofa,00853-5cdEh9F2hJL,0,77.00389099121094,1,0,1
1.0,0.4733566264240147,0.16742050647735596,sofa,00869-MHPLjHsuG27,0,14.598527908325195,1,0,1
1.0,0.5937807278521854,0.18955625593662262,sofa,00869-MHPLjHsuG27,0,14.598527908325195,1,0,1
1.0,0.8293703519671872,0.24220839142799377,tv_monitor,00869-MHPLjHsuG27,0,14.598527908325195,1,0,1
1.0,0.7764760011217546,0.11832047998905182,chair,00869-MHPLjHsuG27,1,20.642654418945312,1,0,1
1.0,1.0,0.26358193159103394,sofa,00835-q3zU7Yy5E5s,1,23.304763793945312,1,0,1
1.0,0.9821388951498325,0.08511211723089218,sofa,00835-q3zU7Yy5E5s,1,23.304763793945312,1,0,1
1.0,0.8433645615921243,0.17557664215564728,chair,00835-q3zU7Yy5E5s,0,12.884771347045898,1,0,1
1.0,0.11261857927135903,0.10371996462345123,toilet,00861-GLAQ4DNUx5U,0,118.05732727050781,2,2,4
0.0,0.0,12.0858793258667,plant,00861-GLAQ4DNUx5U,0,118.05732727050781,1,0,1
1.0,0.3494163321732416,0.1096959188580513,toilet,00861-GLAQ4DNUx5U,0,118.05732727050781,3,0,3
1.0,0.8938936473675175,0.1070503368973732,bed,00820-mL8ThkuaVTM,0,49.380516052246094,1,0,1
1.0,0.8738512237537192,0.10320106148719788,bed,00820-mL8ThkuaVTM,0,49.380516052246094,1,0,1
0.0,0.0,9.608903884887695,tv_monitor,00877-4ok3usBNeis,0,75.36964416503906,1,0,1
1.0,0.8204018055433995,0.17065465450286865,chair,00877-4ok3usBNeis,0,75.36964416503906,1,0,1
0.0,0.0,8.99484634399414,plant,00802-wcojb4TFT35,0,37.30722427368164,1,3,4
1.0,0.4757843797687907,0.15400508046150208,tv_monitor,00802-wcojb4TFT35,2,39.943275451660156,3,0,3
1.0,0.3250307426483438,0.0586872436106205,chair,00831-yr17PDCnDDW,0,273.9668884277344,1,0,1
0.0,0.0,7.084290981292725,chair,00831-yr17PDCnDDW,0,273.9668884277344,1,0,1
1.0,0.09714373006584738,0.08717948198318481,chair,00831-yr17PDCnDDW,0,273.9668884277344,3,0,3
1.0,0.4547683549129812,0.08146049082279205,plant,00831-yr17PDCnDDW,0,273.9668884277344,1,0,1
1.0,0.20984715321211433,0.44084542989730835,tv_monitor,00831-yr17PDCnDDW,0,273.9668884277344,3,0,3
1.0,0.829868027747583,0.0455213263630867,chair,00814-p53SfW6mjZe,0,217.1283721923828,1,0,1
1.0,0.3616951997934565,0.07218513637781143,bed,00814-p53SfW6mjZe,0,217.1283721923828,2,0,2
1.0,1.0,0.461132675409317,tv_monitor,00814-p53SfW6mjZe,0,217.1283721923828,1,0,1
1.0,0.872073085007134,0.08548694103956223,bed,00814-p53SfW6mjZe,0,217.1283721923828,1,0,1
0.0,0.0,1.3510749340057373,tv_monitor,00814-p53SfW6mjZe,0,217.1283721923828,3,1,4
1.0,0.2364271297637755,0.06087507680058479,plant,00803-k1cupFYWXJ6,0,205.6027374267578,2,0,2
1.0,0.2243282270451126,0.15000128746032715,plant,00803-k1cupFYWXJ6,0,205.6027374267578,2,0,2
0.0,0.0,13.549479484558105,sofa,00803-k1cupFYWXJ6,0,205.6027374267578,1,0,1
1.0,0.49096376107082956,0.1548779308795929,sofa,00839-zt1RVoi7PcG,0,127.87889862060547,1,0,1
0.0,0.0,11.927350997924805,toilet,00813-svBbv1Pavdk,0,73.96382904052734,1,0,1
1.0,0.5972994737885556,0.09667318314313889,sofa,00813-svBbv1Pavdk,0,73.96382904052734,1,0,1
1.0,0.4309911609415412,0.1914997547864914,chair,00832-qyAac8rV8Zk,0,80.03765106201172,1,0,1
1.0,0.14747303562409877,0.0702427476644516,chair,00800-TEEsavR23oF,0,76.10676574707031,3,2,5
1.0,0.2950910503358375,0.4336870312690735,toilet,00800-TEEsavR23oF,0,76.10676574707031,3,0,3
1.0,0.624873875919678,0.15926674008369446,bed,00800-TEEsavR23oF,0,76.10676574707031,2,0,2
1.0,0.8439614153628455,0.11175599694252014,bed,00871-VBzV5z6i1WS,0,59.27443313598633,1,0,1
1.0,0.7475579644422771,0.18316249549388885,sofa,00829-QaLdnwvtxbs,0,51.208736419677734,1,0,1
1.0,0.30067591200536586,0.10592152178287506,chair,00829-QaLdnwvtxbs,0,51.208736419677734,1,0,1
1.0,0.6418713543108342,0.1357569545507431,sofa,00813-svBbv1Pavdk,0,73.96382904052734,1,0,1
0.0,0.0,11.628179550170898,toilet,00813-svBbv1Pavdk,0,73.96382904052734,1,0,1
1.0,0.20737811799728492,0.09276304394006729,tv_monitor,00831-yr17PDCnDDW,0,273.9668884277344,3,0,3
0.0,0.0,7.571683406829834,chair,00831-yr17PDCnDDW,0,273.9668884277344,1,0,1
1.0,0.09714373006584738,0.08717948198318481,chair,00831-yr17PDCnDDW,0,273.9668884277344,3,0,3
1.0,0.3011869311580393,0.032557886093854904,chair,00831-yr17PDCnDDW,0,273.9668884277344,1,0,1
1.0,0.4547683549129812,0.08146049082279205,plant,00831-yr17PDCnDDW,0,273.9668884277344,1,0,1
1.0,0.8815335246824801,0.11498618870973587,sofa,00843-DYehNKdT76V,0,62.364925384521484,2,0,2
1.0,0.45904450264319274,0.10861098766326904,plant,00843-DYehNKdT76V,0,62.364925384521484,2,0,2
1.0,0.9478693543250674,0.10157319903373718,bed,00843-DYehNKdT76V,0,62.364925384521484,1,0,1
1.0,0.2950910503358375,0.4336870312690735,toilet,00800-TEEsavR23oF,0,76.10676574707031,3,0,3
1.0,0.2611636699491862,0.13573205471038818,chair,00800-TEEsavR23oF,0,76.10676574707031,3,0,3
1.0,0.624873875919678,0.15926674008369446,bed,00800-TEEsavR23oF,0,76.10676574707031,2,0,2
1.0,0.30164100605522004,0.15926405787467957,bed,00827-BAbdmeyTvMZ,0,58.549068450927734,3,1,4
1.0,0.20369143705609621,0.18993259966373444,chair,00827-BAbdmeyTvMZ,0,58.549068450927734,2,0,2
1.0,0.7123268173547654,0.1524142026901245,bed,00827-BAbdmeyTvMZ,0,58.549068450927734,1,0,1
1.0,0.9102246623485889,0.1572902500629425,bed,00827-BAbdmeyTvMZ,0,58.549068450927734,1,0,1
1.0,0.7965417170404935,0.17482654750347137,sofa,00827-BAbdmeyTvMZ,0,58.549068450927734,1,0,1
0.0,0.0,2.5089898109436035,toilet,00815-h1zeeAwLh9Z,0,64.93303680419922,2,0,2
1.0,0.38695648308379726,0.19025753438472748,chair,00815-h1zeeAwLh9Z,1,37.163169860839844,1,0,1
0.0,0.0,7.258635997772217,sofa,00815-h1zeeAwLh9Z,1,37.163169860839844,1,0,1
1.0,0.22866040247418312,0.1117180809378624,chair,00815-h1zeeAwLh9Z,0,64.93303680419922,1,0,1
1.0,0.8439614153628455,0.11175599694252014,bed,00871-VBzV5z6i1WS,0,59.27443313598633,1,0,1
1.0,0.8660245482886653,0.060987960547208786,bed,00824-Dd4bFSTQ8gi,0,78.68595886230469,1,0,1
0.0,0.0,3.735051155090332,chair,00824-Dd4bFSTQ8gi,0,78.68595886230469,2,0,2
1.0,0.790195104246742,0.06716538220643997,toilet,00824-Dd4bFSTQ8gi,0,78.68595886230469,1,0,1
0.0,0.0,3.6324105262756348,chair,00824-Dd4bFSTQ8gi,0,78.68595886230469,1,0,1
1.0,0.20990688329234458,0.158033087849617,sofa,00824-Dd4bFSTQ8gi,0,78.68595886230469,1,0,1
1.0,0.23398820197996326,0.054961636662483215,plant,00803-k1cupFYWXJ6,0,205.6027374267578,2,0,2
0.0,0.0,13.549479484558105,sofa,00803-k1cupFYWXJ6,0,205.6027374267578,1,0,1
1.0,0.2364271297637755,0.06087507680058479,plant,00803-k1cupFYWXJ6,0,205.6027374267578,2,0,2
1.0,0.7707658160002201,0.3753594160079956,chair,00835-q3zU7Yy5E5s,0,12.884771347045898,1,0,1
1.0,0.8684773004345651,0.15870745480060577,sofa,00835-q3zU7Yy5E5s,1,23.304763793945312,1,0,1
1.0,1.0,0.3553064465522766,sofa,00835-q3zU7Yy5E5s,1,23.304763793945312,1,0,1
0.0,0.0,1.6401578187942505,toilet,00861-GLAQ4DNUx5U,0,118.05732727050781,2,0,2
1.0,0.3494163321732416,0.1096959188580513,toilet,00861-GLAQ4DNUx5U,0,118.05732727050781,3,0,3
0.0,0.0,11.832418441772461,plant,00861-GLAQ4DNUx5U,0,118.05732727050781,1,0,1
1.0,0.665141034921998,0.1649377942085266,sofa,00890-6s7QHgap2fW,0,72.89037322998047,1,0,1
1.0,0.052068189267118634,0.10605375468730927,toilet,00890-6s7QHgap2fW,0,72.89037322998047,3,3,6
1.0,0.872073085007134,0.08548694103956223,bed,00814-p53SfW6mjZe,0,217.1283721923828,1,0,1
1.0,0.3616951997934565,0.07218513637781143,bed,00814-p53SfW6mjZe,0,217.1283721923828,2,0,2
1.0,0.32311241602986074,0.15206444263458252,tv_monitor,00814-p53SfW6mjZe,0,217.1283721923828,3,1,4
1.0,0.829868027747583,0.0455213263630867,chair,00814-p53SfW6mjZe,0,217.1283721923828,1,0,1
0.0,0.0,0.7904430627822876,tv_monitor,00814-p53SfW6mjZe,0,217.1283721923828,1,0,1
1.0,0.919731869708937,0.07773496210575104,plant,00873-bxsVRursffK,0,64.13450622558594,1,0,1
1.0,0.9380177639417046,0.14167392253875732,plant,00873-bxsVRursffK,0,64.13450622558594,1,0,1
0.0,0.0,1.2267194986343384,sofa,00873-bxsVRursffK,0,64.13450622558594,1,0,1
1.0,0.8005562346808617,0.10911838710308075,toilet,00873-bxsVRursffK,0,64.13450622558594,1,0,1
0.0,0.0,4.843723297119141,chair,00873-bxsVRursffK,0,64.13450622558594,1,0,1
1.0,0.6145462919384942,0.09360034018754959,bed,00873-bxsVRursffK,0,64.13450622558594,1,0,1
1.0,0.7275800428899195,0.16922852396965027,chair,00880-Nfvxx8J5NCo,0,63.492286682128906,1,0,1
0.0,0.0,3.1682400703430176,tv_monitor,00880-Nfvxx8J5NCo,0,63.492286682128906,1,0,1
1.0,0.5245023655196263,0.15063421428203583,chair,00880-Nfvxx8J5NCo,0,63.492286682128906,1,0,1
1.0,0.8448184198738161,0.08507935702800751,tv_monitor,00894-HY1NcmCgn3n,0,180.56265258789062,1,0,1
1.0,0.8445877398899874,0.08494044095277786,tv_monitor,00894-HY1NcmCgn3n,0,180.56265258789062,1,0,1
1.0,0.8641197531419625,0.08399152755737305,tv_monitor,00894-HY1NcmCgn3n,0,180.56265258789062,1,0,1
1.0,0.7372133677772226,0.2322472184896469,chair,00853-5cdEh9F2hJL,0,77.00389099121094,1,0,1
1.0,0.46193750334328265,0.11175844073295593,sofa,00853-5cdEh9F2hJL,0,77.00389099121094,2,0,2
1.0,0.6930346541136061,0.007583248429000378,sofa,00853-5cdEh9F2hJL,0,77.00389099121094,1,0,1
0.0,0.0,12.763128280639648,tv_monitor,00853-5cdEh9F2hJL,0,77.00389099121094,1,0,1
1.0,0.8010513615088442,0.04001128673553467,bed,00853-5cdEh9F2hJL,0,77.00389099121094,1,0,1
1.0,0.40998748740066515,0.1074574738740921,plant,00853-5cdEh9F2hJL,0,77.00389099121094,1,0,1
1.0,0.7604031454240053,0.12542763352394104,tv_monitor,00891-cvZr5TUy5C5,0,196.93040466308594,1,0,1
0.0,0.0,10.782328605651855,chair,00891-cvZr5TUy5C5,0,196.93040466308594,2,0,2
0.0,0.0,10.782328605651855,chair,00891-cvZr5TUy5C5,0,196.93040466308594,1,0,1
1.0,0.5744973712490664,0.10113570839166641,tv_monitor,00891-cvZr5TUy5C5,0,196.93040466308594,1,0,1
1.0,0.8097696479423967,0.033735137432813644,toilet,00891-cvZr5TUy5C5,0,196.93040466308594,1,0,1
1.0,0.75325720346791,0.15525676310062408,toilet,00849-a8BtkwhxdRV,0,64.31393432617188,1,0,1
1.0,0.7876785119626556,0.16798743605613708,toilet,00849-a8BtkwhxdRV,0,64.31393432617188,1,0,1
1.0,0.12482668891650667,0.1943987011909485,tv_monitor,00849-a8BtkwhxdRV,0,64.31393432617188,2,0,2
1.0,0.12630024529759937,0.1970292031764984,tv_monitor,00849-a8BtkwhxdRV,0,64.31393432617188,2,0,2
1.0,0.7823514868268142,0.344927579164505,sofa,00847-bCPU9suPUw9,1,17.04467010498047,1,0,1
1.0,0.8498454654054279,0.15010680258274078,bed,00847-bCPU9suPUw9,1,17.04467010498047,1,0,1
1.0,0.8042440064663551,0.15593835711479187,bed,00847-bCPU9suPUw9,1,17.04467010498047,1,0,1
1.0,0.45140501472753936,0.13865625858306885,bed,00810-CrMo8WxCyVb,0,104.38074493408203,1,0,1
1.0,0.6530732109720297,0.10202227532863617,chair,00810-CrMo8WxCyVb,0,104.38074493408203,1,0,1
1.0,0.7575113376826388,0.10197868943214417,sofa,00810-CrMo8WxCyVb,0,104.38074493408203,1,0,1
0.0,0.0,5.480249404907227,plant,00810-CrMo8WxCyVb,0,104.38074493408203,2,0,2
1.0,0.44906684065313446,0.07451741397380829,chair,00832-qyAac8rV8Zk,0,80.03765106201172,1,0,1
1.0,0.5703103411930335,0.08277065306901932,chair,00823-7MXmsvcQjpJ,1,85.10262298583984,1,0,1
0.0,0.0,9.608903884887695,tv_monitor,00877-4ok3usBNeis,0,75.36964416503906,1,0,1
1.0,0.8431508475313579,0.07648757100105286,chair,00877-4ok3usBNeis,0,75.36964416503906,1,0,1
1.0,0.7226043575222005,0.08512289077043533,chair,00869-MHPLjHsuG27,1,20.642654418945312,1,0,1
1.0,0.8293703519671872,0.24220839142799377,tv_monitor,00869-MHPLjHsuG27,0,14.598527908325195,1,0,1
1.0,0.5937807278521854,0.18955625593662262,sofa,00869-MHPLjHsuG27,0,14.598527908325195,1,0,1
1.0,0.4681345559065931,0.1929539144039154,sofa,00869-MHPLjHsuG27,0,14.598527908325195,1,0,1
1.0,0.8738512237537192,0.10320106148719788,bed,00820-mL8ThkuaVTM,0,49.380516052246094,1,0,1
1.0,0.8938936473675175,0.1070503368973732,bed,00820-mL8ThkuaVTM,0,49.380516052246094,1,0,1
0.0,0.0,0.939711332321167,sofa,00821-eF36g7L6Z9M,0,255.54568481445312,1,0,1
1.0,0.5856335076865085,0.0604826956987381,bed,00878-XB4GS9ShBRE,0,48.26987838745117,1,0,1
0.0,0.0,2.1051206588745117,tv_monitor,00878-XB4GS9ShBRE,0,48.26987838745117,1,0,1
1.0,0.6280398697720156,0.03828269615769386,bed,00862-LT9Jq6dN3Ea,0,275.0478515625,1,0,1
0.0,0.0,8.011528968811035,plant,00802-wcojb4TFT35,0,37.30722427368164,1,3,4
1.0,0.4757843797687907,0.15400508046150208,tv_monitor,00802-wcojb4TFT35,2,39.943275451660156,3,0,3
1.0,0.5954376376937178,0.02855626493692398,chair,00876-mv2HUxq3B53,0,135.76968383789062,1,0,1
1.0,0.15433259430905302,0.06180691719055176,plant,00876-mv2HUxq3B53,0,135.76968383789062,2,0,2
1.0,0.7127718617849312,0.10139463096857071,tv_monitor,00848-ziup5kvtCCR,0,60.34342956542969,1,0,1
1.0,0.49096376107082956,0.1548779308795929,sofa,00839-zt1RVoi7PcG,0,127.87889862060547,1,0,1
1.0,0.20984715321211433,0.44084542989730835,tv_monitor,00831-yr17PDCnDDW,0,273.9668884277344,3,0,3
1.0,0.09583499418806478,0.09165860712528229,chair,00831-yr17PDCnDDW,0,273.9668884277344,3,0,3
1.0,0.42834698192019,0.047310058027505875,plant,00831-yr17PDCnDDW,0,273.9668884277344,1,0,1
0.0,0.0,7.084290981292725,chair,00831-yr17PDCnDDW,0,273.9668884277344,1,0,1
1.0,0.27712177901860074,0.03507932648062706,chair,00831-yr17PDCnDDW,0,273.9668884277344,2,0,2
1.0,0.20990688329234458,0.158033087849617,sofa,00824-Dd4bFSTQ8gi,0,78.68595886230469,1,0,1
1.0,0.790195104246742,0.06716538220643997,toilet,00824-Dd4bFSTQ8gi,0,78.68595886230469,1,0,1
0.0,0.0,4.123510837554932,chair,00824-Dd4bFSTQ8gi,0,78.68595886230469,1,0,1
0.0,0.0,3.735051155090332,chair,00824-Dd4bFSTQ8gi,0,78.68595886230469,2,0,2
1.0,0.8660245482886653,0.060987960547208786,bed,00824-Dd4bFSTQ8gi,0,78.68595886230469,1,0,1
0.0,0.0,2.7813549041748047,chair,00891-cvZr5TUy5C5,0,196.93040466308594,3,2,5
0.0,0.0,10.782328605651855,chair,00891-cvZr5TUy5C5,0,196.93040466308594,2,0,2
1.0,0.7604031454240053,0.12542763352394104,tv_monitor,00891-cvZr5TUy5C5,0,196.93040466308594,1,0,1
1.0,0.5744973712490664,0.10113570839166641,tv_monitor,00891-cvZr5TUy5C5,0,196.93040466308594,1,0,1
1.0,0.8921429779464938,0.025730084627866745,toilet,00891-cvZr5TUy5C5,0,196.93040466308594,1,0,1
1.0,0.4373184884597758,0.15704447031021118,sofa,00815-h1zeeAwLh9Z,1,37.163169860839844,2,0,2
0.0,0.0,2.5089898109436035,toilet,00815-h1zeeAwLh9Z,0,64.93303680419922,2,0,2
1.0,0.23592479178702933,0.06368951499462128,chair,00815-h1zeeAwLh9Z,0,64.93303680419922,1,0,1
1.0,0.38695648308379726,0.19025753438472748,chair,00815-h1zeeAwLh9Z,1,37.163169860839844,1,0,1
1.0,0.30067591200536586,0.10592152178287506,chair,00829-QaLdnwvtxbs,0,51.208736419677734,1,0,1
1.0,0.7475579644422771,0.18316249549388885,sofa,00829-QaLdnwvtxbs,0,51.208736419677734,1,0,1
1.0,0.8815335246824801,0.11498618870973587,sofa,00843-DYehNKdT76V,0,62.364925384521484,2,0,2
1.0,0.45904450264319274,0.10861098766326904,plant,00843-DYehNKdT76V,0,62.364925384521484,2,0,2
1.0,0.9478693543250674,0.10157319903373718,bed,00843-DYehNKdT76V,0,62.364925384521484,1,0,1
1.0,0.7764760011217546,0.11832047998905182,chair,00869-MHPLjHsuG27,1,20.642654418945312,1,0,1
1.0,0.5989314154828154,0.1617676168680191,sofa,00869-MHPLjHsuG27,0,14.598527908325195,1,0,1
1.0,0.8293703519671872,0.24220839142799377,tv_monitor,00869-MHPLjHsuG27,0,14.598527908325195,1,0,1
1.0,0.4733566264240147,0.16742050647735596,sofa,00869-MHPLjHsuG27,0,14.598527908325195,1,0,1
1.0,0.6930346541136061,0.007583248429000378,sofa,00853-5cdEh9F2hJL,0,77.00389099121094,1,0,1
1.0,0.7210103377890372,0.2814904749393463,chair,00853-5cdEh9F2hJL,0,77.00389099121094,1,0,1
1.0,0.4078738443827237,0.12261124700307846,plant,00853-5cdEh9F2hJL,0,77.00389099121094,1,0,1
1.0,0.8010513615088442,0.04001128673553467,bed,00853-5cdEh9F2hJL,0,77.00389099121094,1,0,1
0.0,0.0,12.763128280639648,tv_monitor,00853-5cdEh9F2hJL,0,77.00389099121094,1,0,1
1.0,0.46193750334328265,0.11175844073295593,sofa,00853-5cdEh9F2hJL,0,77.00389099121094,2,0,2
1.0,0.7123268173547654,0.1524142026901245,bed,00827-BAbdmeyTvMZ,0,58.549068450927734,1,0,1
1.0,0.21054446534492044,0.1570989489555359,chair,00827-BAbdmeyTvMZ,0,58.549068450927734,2,0,2
1.0,0.732812590722744,0.21254076063632965,sofa,00827-BAbdmeyTvMZ,0,58.549068450927734,1,0,1
1.0,0.28406315420096623,0.17369027435779572,bed,00827-BAbdmeyTvMZ,0,58.549068450927734,3,1,4
1.0,0.8793589990570151,0.2472454011440277,bed,00827-BAbdmeyTvMZ,0,58.549068450927734,1,0,1
1.0,0.6145462919384942,0.09360034018754959,bed,00873-bxsVRursffK,0,64.13450622558594,1,0,1
1.0,0.919731869708937,0.07773496210575104,plant,00873-bxsVRursffK,0,64.13450622558594,1,0,1
0.0,0.0,4.843723297119141,chair,00873-bxsVRursffK,0,64.13450622558594,1,0,1
1.0,0.7709490951314012,0.1827961951494217,toilet,00873-bxsVRursffK,0,64.13450622558594,1,0,1
0.0,0.0,0.7402412295341492,sofa,00873-bxsVRursffK,0,64.13450622558594,1,0,1
1.0,0.8796229444059565,0.033123958855867386,plant,00873-bxsVRursffK,0,64.13450622558594,1,0,1
1.0,0.8498454654054279,0.15010680258274078,bed,00847-bCPU9suPUw9,1,17.04467010498047,1,0,1
1.0,0.8420665256464112,0.15661214292049408,sofa,00847-bCPU9suPUw9,1,17.04467010498047,1,0,1
1.0,0.8042440064663551,0.15593835711479187,bed,00847-bCPU9suPUw9,1,17.04467010498047,1,0,1
1.0,0.8433645615921243,0.17557664215564728,chair,00835-q3zU7Yy5E5s,0,12.884771347045898,1,0,1
1.0,0.8684773004345651,0.15870745480060577,sofa,00835-q3zU7Yy5E5s,1,23.304763793945312,1,0,1
1.0,1.0,0.3553064465522766,sofa,00835-q3zU7Yy5E5s,1,23.304763793945312,1,0,1
0.0,0.0,15.939350128173828,toilet,00890-6s7QHgap2fW,0,72.89037322998047,2,0,2
1.0,0.6957956242078269,0.09005174040794373,sofa,00890-6s7QHgap2fW,0,72.89037322998047,1,0,1
1.0,0.8439614153628455,0.11175599694252014,bed,00871-VBzV5z6i1WS,0,59.27443313598633,1,0,1
0.0,0.0,11.832418441772461,plant,00861-GLAQ4DNUx5U,0,118.05732727050781,1,0,1
1.0,0.3494163321732416,0.1096959188580513,toilet,00861-GLAQ4DNUx5U,0,118.05732727050781,3,0,3
0.0,0.0,1.6401578187942505,toilet,00861-GLAQ4DNUx5U,0,118.05732727050781,2,0,2
1.0,0.7261312961856808,0.22990712523460388,toilet,00849-a8BtkwhxdRV,0,64.31393432617188,1,0,1
1.0,0.12482668891650667,0.1943987011909485,tv_monitor,00849-a8BtkwhxdRV,0,64.31393432617188,2,0,2
1.0,0.12630024529759937,0.1970292031764984,tv_monitor,00849-a8BtkwhxdRV,0,64.31393432617188,2,0,2
1.0,0.7191361151619428,0.2132052630186081,toilet,00849-a8BtkwhxdRV,0,64.31393432617188,1,0,1
1.0,0.5972994737885556,0.09667318314313889,sofa,00813-svBbv1Pavdk,0,73.96382904052734,1,0,1
0.0,0.0,11.927350997924805,toilet,00813-svBbv1Pavdk,0,73.96382904052734,1,0,1
1.0,0.2243282270451126,0.15000128746032715,plant,00803-k1cupFYWXJ6,0,205.6027374267578,2,0,2
0.0,0.0,13.992773056030273,sofa,00803-k1cupFYWXJ6,0,205.6027374267578,1,0,1
1.0,0.2364271297637755,0.06087507680058479,plant,00803-k1cupFYWXJ6,0,205.6027374267578,2,0,2
1.0,0.5361262576467735,0.16047517955303192,tv_monitor,00880-Nfvxx8J5NCo,0,63.492286682128906,2,0,2
1.0,0.7812741023795529,0.15074476599693298,chair,00880-Nfvxx8J5NCo,0,63.492286682128906,1,0,1
1.0,0.5245023655196263,0.15063421428203583,chair,00880-Nfvxx8J5NCo,0,63.492286682128906,1,0,1
0.0,0.0,5.453282356262207,plant,00810-CrMo8WxCyVb,0,104.38074493408203,2,0,2
1.0,0.6530732109720297,0.10202227532863617,chair,00810-CrMo8WxCyVb,0,104.38074493408203,1,0,1
1.0,0.5202976176664824,0.06052016839385033,bed,00810-CrMo8WxCyVb,0,104.38074493408203,1,0,1
1.0,0.7575113376826388,0.10197868943214417,sofa,00810-CrMo8WxCyVb,0,104.38074493408203,1,0,1
1.0,0.5856335076865085,0.0604826956987381,bed,00878-XB4GS9ShBRE,0,48.26987838745117,1,0,1
0.0,0.0,2.1051206588745117,tv_monitor,00878-XB4GS9ShBRE,0,48.26987838745117,1,0,1
1.0,0.6280398697720156,0.03828269615769386,bed,00862-LT9Jq6dN3Ea,0,275.0478515625,1,0,1
0.0,0.0,0.9596776962280273,sofa,00821-eF36g7L6Z9M,0,255.54568481445312,1,0,1
1.0,0.8448184198738161,0.08507935702800751,tv_monitor,00894-HY1NcmCgn3n,0,180.56265258789062,1,0,1
1.0,0.8445877398899874,0.08494044095277786,tv_monitor,00894-HY1NcmCgn3n,0,180.56265258789062,1,0,1
1.0,0.8641197531419625,0.08399152755737305,tv_monitor,00894-HY1NcmCgn3n,0,180.56265258789062,1,0,1
1.0,0.5954376376937178,0.02855626493692398,chair,00876-mv2HUxq3B53,0,135.76968383789062,1,0,1
1.0,0.15433259430905302,0.06180691719055176,plant,00876-mv2HUxq3B53,0,135.76968383789062,2,0,2
1.0,0.7127718617849312,0.10139463096857071,tv_monitor,00848-ziup5kvtCCR,0,60.34342956542969,1,0,1
1.0,0.44906684065313446,0.07451741397380829,chair,00832-qyAac8rV8Zk,0,80.03765106201172,1,0,1
0.0,0.0,9.608903884887695,tv_monitor,00877-4ok3usBNeis,0,75.36964416503906,1,0,1
1.0,0.8431508475313579,0.07648757100105286,chair,00877-4ok3usBNeis,0,75.36964416503906,1,0,1
1.0,0.624873875919678,0.15926674008369446,bed,00800-TEEsavR23oF,0,76.10676574707031,2,0,2
1.0,0.30359274013569454,0.15605655312538147,toilet,00800-TEEsavR23oF,0,76.10676574707031,3,0,3
0.0,0.0,2.2161865234375,chair,00800-TEEsavR23oF,0,76.10676574707031,2,0,2
1.0,0.32311241602986074,0.15206444263458252,tv_monitor,00814-p53SfW6mjZe,0,217.1283721923828,3,1,4
1.0,0.872073085007134,0.08548694103956223,bed,00814-p53SfW6mjZe,0,217.1283721923828,1,0,1
1.0,0.3616951997934565,0.07218513637781143,bed,00814-p53SfW6mjZe,0,217.1283721923828,2,0,2
1.0,0.829868027747583,0.0455213263630867,chair,00814-p53SfW6mjZe,0,217.1283721923828,1,0,1
0.0,0.0,0.7904430627822876,tv_monitor,00814-p53SfW6mjZe,0,217.1283721923828,1,0,1
1.0,0.5503092029898818,0.19178110361099243,chair,00823-7MXmsvcQjpJ,1,85.10262298583984,1,0,1
1.0,0.8938936473675175,0.1070503368973732,bed,00820-mL8ThkuaVTM,0,49.380516052246094,1,0,1
1.0,0.8738512237537192,0.10320106148719788,bed,00820-mL8ThkuaVTM,0,49.380516052246094,1,0,1
0.0,0.0,8.959107398986816,plant,00802-wcojb4TFT35,0,37.30722427368164,1,3,4
1.0,0.4757843797687907,0.15400508046150208,tv_monitor,00802-wcojb4TFT35,2,39.943275451660156,3,0,3
1.0,0.49096376107082956,0.1548779308795929,sofa,00839-zt1RVoi7PcG,0,127.87889862060547,1,0,1
1.0,0.38695648308379726,0.19025753438472748,chair,00815-h1zeeAwLh9Z,1,37.163169860839844,1,0,1
1.0,0.22866040247418312,0.1117180809378624,chair,00815-h1zeeAwLh9Z,0,64.93303680419922,1,0,1
0.0,0.0,2.5089898109436035,toilet,00815-h1zeeAwLh9Z,0,64.93303680419922,2,0,2
1.0,0.4373184884597758,0.15704447031021118,sofa,00815-h1zeeAwLh9Z,1,37.163169860839844,2,0,2
1.0,0.8293703519671872,0.24220839142799377,tv_monitor,00869-MHPLjHsuG27,0,14.598527908325195,1,0,1
1.0,0.5937807278521854,0.18955625593662262,sofa,00869-MHPLjHsuG27,0,14.598527908325195,1,0,1
1.0,0.4733566264240147,0.16742050647735596,sofa,00869-MHPLjHsuG27,0,14.598527908325195,1,0,1
1.0,0.7764760011217546,0.11832047998905182,chair,00869-MHPLjHsuG27,1,20.642654418945312,1,0,1
1.0,0.8448184198738161,0.08507935702800751,tv_monitor,00894-HY1NcmCgn3n,0,180.56265258789062,1,0,1
1.0,0.8445877398899874,0.08494044095277786,tv_monitor,00894-HY1NcmCgn3n,0,180.56265258789062,1,0,1
1.0,0.8641197531419625,0.08399152755737305,tv_monitor,00894-HY1NcmCgn3n,0,180.56265258789062,1,0,1
0.0,0.0,10.576976776123047,chair,00891-cvZr5TUy5C5,0,196.93040466308594,2,0,2
1.0,0.7604031454240053,0.12542763352394104,tv_monitor,00891-cvZr5TUy5C5,0,196.93040466308594,1,0,1
1.0,0.5744973712490664,0.10113570839166641,tv_monitor,00891-cvZr5TUy5C5,0,196.93040466308594,1,0,1
0.0,0.0,10.565460205078125,chair,00891-cvZr5TUy5C5,0,196.93040466308594,1,0,1
1.0,0.8921429779464938,0.025730084627866745,toilet,00891-cvZr5TUy5C5,0,196.93040466308594,1,0,1
0.0,0.0,10.218463897705078,toilet,00890-6s7QHgap2fW,0,72.89037322998047,3,2,5
1.0,0.665141034921998,0.1649377942085266,sofa,00890-6s7QHgap2fW,0,72.89037322998047,1,0,1
1.0,0.5202976176664824,0.06052016839385033,bed,00810-CrMo8WxCyVb,0,104.38074493408203,1,0,1
0.0,0.0,5.411008834838867,plant,00810-CrMo8WxCyVb,0,104.38074493408203,3,2,5
1.0,0.7575113376826388,0.10197868943214417,sofa,00810-CrMo8WxCyVb,0,104.38074493408203,1,0,1
1.0,0.7015569392924613,0.09713496267795563,chair,00810-CrMo8WxCyVb,0,104.38074493408203,1,0,1
1.0,0.40998748740066515,0.1074574738740921,plant,00853-5cdEh9F2hJL,0,77.00389099121094,1,0,1
1.0,0.46193750334328265,0.11175844073295593,sofa,00853-5cdEh9F2hJL,0,77.00389099121094,2,0,2
1.0,0.7372133677772226,0.2322472184896469,chair,00853-5cdEh9F2hJL,0,77.00389099121094,1,0,1
1.0,0.6930346541136061,0.007583248429000378,sofa,00853-5cdEh9F2hJL,0,77.00389099121094,1,0,1
1.0,0.8010513615088442,0.04001128673553467,bed,00853-5cdEh9F2hJL,0,77.00389099121094,1,0,1
0.0,0.0,12.763128280639648,tv_monitor,00853-5cdEh9F2hJL,0,77.00389099121094,1,0,1
1.0,0.8431508475313579,0.07648757100105286,chair,00877-4ok3usBNeis,0,75.36964416503906,1,0,1
0.0,0.0,9.608903884887695,tv_monitor,00877-4ok3usBNeis,0,75.36964416503906,1,0,1
1.0,0.22591073721313082,0.15000128746032715,plant,00803-k1cupFYWXJ6,0,205.6027374267578,2,0,2
0.0,0.0,13.549479484558105,sofa,00803-k1cupFYWXJ6,0,205.6027374267578,1,0,1
1.0,0.2243282270451126,0.15000128746032715,plant,00803-k1cupFYWXJ6,0,205.6027374267578,2,0,2
1.0,0.5703103411930335,0.08277065306901932,chair,00823-7MXmsvcQjpJ,1,85.10262298583984,1,0,1
1.0,0.7475579644422771,0.18316249549388885,sofa,00829-QaLdnwvtxbs,0,51.208736419677734,1,0,1
1.0,0.30067591200536586,0.10592152178287506,chair,00829-QaLdnwvtxbs,0,51.208736419677734,1,0,1
0.0,0.0,11.927350997924805,toilet,00813-svBbv1Pavdk,0,73.96382904052734,1,0,1
0.0,0.0,0.8930526971817017,sofa,00813-svBbv1Pavdk,0,73.96382904052734,3,2,5
1.0,0.45904450264319274,0.10861098766326904,plant,00843-DYehNKdT76V,0,62.364925384521484,2,0,2
1.0,0.8815335246824801,0.11498618870973587,sofa,00843-DYehNKdT76V,0,62.364925384521484,2,0,2
1.0,0.9478693543250674,0.10157319903373718,bed,00843-DYehNKdT76V,0,62.364925384521484,1,0,1
0.0,0.0,2.2161812782287598,chair,00800-TEEsavR23oF,0,76.10676574707031,2,0,2
1.0,0.2950910503358375,0.4336870312690735,toilet,00800-TEEsavR23oF,0,76.10676574707031,3,0,3
1.0,0.624873875919678,0.15926674008369446,bed,00800-TEEsavR23oF,0,76.10676574707031,2,0,2
0.0,0.0,4.843723297119141,chair,00873-bxsVRursffK,0,64.13450622558594,1,0,1
1.0,0.5681548051199965,0.10074982047080994,bed,00873-bxsVRursffK,0,64.13450622558594,1,0,1
0.0,0.0,0.7402412295341492,sofa,00873-bxsVRursffK,0,64.13450622558594,1,0,1
1.0,0.919731869708937,0.07773496210575104,plant,00873-bxsVRursffK,0,64.13450622558594,1,0,1
1.0,0.9380177639417046,0.14167392253875732,plant,00873-bxsVRursffK,0,64.13450622558594,1,0,1
1.0,0.7709490951314012,0.1827961951494217,toilet,00873-bxsVRursffK,0,64.13450622558594,1,0,1
1.0,0.4309911609415412,0.1914997547864914,chair,00832-qyAac8rV8Zk,0,80.03765106201172,1,0,1
0.0,0.0,2.1051206588745117,tv_monitor,00878-XB4GS9ShBRE,0,48.26987838745117,1,0,1
1.0,0.5233797879867208,0.14225001633167267,bed,00878-XB4GS9ShBRE,0,48.26987838745117,1,0,1
1.0,0.2734401440258942,0.15171019732952118,bed,00827-BAbdmeyTvMZ,0,58.549068450927734,3,1,4
0.0,0.0,0.7475652694702148,chair,00827-BAbdmeyTvMZ,0,58.549068450927734,1,0,1
1.0,0.7123268173547654,0.1524142026901245,bed,00827-BAbdmeyTvMZ,0,58.549068450927734,1,0,1
1.0,0.732812590722744,0.21254076063632965,sofa,00827-BAbdmeyTvMZ,0,58.549068450927734,1,0,1
1.0,0.9102246623485889,0.1572902500629425,bed,00827-BAbdmeyTvMZ,0,58.549068450927734,1,0,1
1.0,0.3250307426483438,0.0586872436106205,chair,00831-yr17PDCnDDW,0,273.9668884277344,1,0,1
1.0,0.20737811799728492,0.09276304394006729,tv_monitor,00831-yr17PDCnDDW,0,273.9668884277344,3,0,3
1.0,0.42834698192019,0.047310058027505875,plant,00831-yr17PDCnDDW,0,273.9668884277344,1,0,1
1.0,0.09714373006584738,0.08717948198318481,chair,00831-yr17PDCnDDW,0,273.9668884277344,3,0,3
1.0,0.1892348539614789,0.10171843320131302,chair,00831-yr17PDCnDDW,0,273.9668884277344,3,0,3
1.0,0.8684773004345651,0.15870745480060577,sofa,00835-q3zU7Yy5E5s,1,23.304763793945312,1,0,1
1.0,0.8433645615921243,0.17557664215564728,chair,00835-q3zU7Yy5E5s,0,12.884771347045898,1,0,1
1.0,1.0,0.26358193159103394,sofa,00835-q3zU7Yy5E5s,1,23.304763793945312,1,0,1
1.0,0.12490356416592631,0.2144702970981598,tv_monitor,00849-a8BtkwhxdRV,0,64.31393432617188,2,0,2
1.0,0.7876785119626556,0.16798743605613708,toilet,00849-a8BtkwhxdRV,0,64.31393432617188,1,0,1
1.0,0.12482668891650667,0.1943987011909485,tv_monitor,00849-a8BtkwhxdRV,0,64.31393432617188,2,0,2
1.0,0.75325720346791,0.15525676310062408,toilet,00849-a8BtkwhxdRV,0,64.31393432617188,1,0,1
0.0,0.0,3.735051155090332,chair,00824-Dd4bFSTQ8gi,0,78.68595886230469,2,0,2
1.0,0.8660245482886653,0.060987960547208786,bed,00824-Dd4bFSTQ8gi,0,78.68595886230469,1,0,1
1.0,0.790195104246742,0.06716538220643997,toilet,00824-Dd4bFSTQ8gi,0,78.68595886230469,1,0,1
0.0,0.0,4.123510837554932,chair,00824-Dd4bFSTQ8gi,0,78.68595886230469,1,0,1
1.0,0.20990688329234458,0.158033087849617,sofa,00824-Dd4bFSTQ8gi,0,78.68595886230469,1,0,1
1.0,0.6792918026789191,0.09352590143680573,tv_monitor,00848-ziup5kvtCCR,0,60.34342956542969,1,0,1
1.0,0.8938936473675175,0.1070503368973732,bed,00820-mL8ThkuaVTM,0,49.380516052246094,1,0,1
1.0,0.8738512237537192,0.10320106148719788,bed,00820-mL8ThkuaVTM,0,49.380516052246094,1,0,1
0.0,0.0,1.0135077238082886,tv_monitor,00814-p53SfW6mjZe,0,217.1283721923828,3,1,4
1.0,0.872073085007134,0.08548694103956223,bed,00814-p53SfW6mjZe,0,217.1283721923828,1,0,1
1.0,0.3616951997934565,0.07218513637781143,bed,00814-p53SfW6mjZe,0,217.1283721923828,2,0,2
1.0,0.829868027747583,0.0455213263630867,chair,00814-p53SfW6mjZe,0,217.1283721923828,1,0,1
1.0,1.0,0.461132675409317,tv_monitor,00814-p53SfW6mjZe,0,217.1283721923828,1,0,1
1.0,0.5529701913518338,0.12292715162038803,chair,00876-mv2HUxq3B53,0,135.76968383789062,1,0,1
1.0,0.15433259430905302,0.06180691719055176,plant,00876-mv2HUxq3B53,0,135.76968383789062,2,0,2
0.0,0.0,0.9596776962280273,sofa,00821-eF36g7L6Z9M,0,255.54568481445312,1,0,1
1.0,0.4757843797687907,0.15400508046150208,tv_monitor,00802-wcojb4TFT35,2,39.943275451660156,3,0,3
0.0,0.0,9.245936393737793,plant,00802-wcojb4TFT35,0,37.30722427368164,1,2,3
1.0,0.49096376107082956,0.1548779308795929,sofa,00839-zt1RVoi7PcG,0,127.87889862060547,1,0,1
1.0,0.493622893152551,0.1853371560573578,chair,00880-Nfvxx8J5NCo,0,63.492286682128906,1,0,1
0.0,0.0,3.1682400703430176,tv_monitor,00880-Nfvxx8J5NCo,0,63.492286682128906,1,0,1
1.0,0.7275800428899195,0.16922852396965027,chair,00880-Nfvxx8J5NCo,0,63.492286682128906,1,0,1
1.0,0.3494163321732416,0.1096959188580513,toilet,00861-GLAQ4DNUx5U,0,118.05732727050781,3,0,3
0.0,0.0,11.832418441772461,plant,00861-GLAQ4DNUx5U,0,118.05732727050781,1,0,1
1.0,0.1124713970462743,0.10706262290477753,toilet,00861-GLAQ4DNUx5U,0,118.05732727050781,2,2,4
1.0,0.8042440064663551,0.15593835711479187,bed,00847-bCPU9suPUw9,1,17.04467010498047,1,0,1
1.0,0.7823514868268142,0.344927579164505,sofa,00847-bCPU9suPUw9,1,17.04467010498047,1,0,1
1.0,0.8498454654054279,0.15010680258274078,bed,00847-bCPU9suPUw9,1,17.04467010498047,1,0,1
1.0,0.6280398697720156,0.03828269615769386,bed,00862-LT9Jq6dN3Ea,0,275.0478515625,1,0,1
1.0,0.8091112016492807,0.15562714636325836,bed,00871-VBzV5z6i1WS,0,59.27443313598633,1,0,1
0.0,0.0,10.565460205078125,chair,00891-cvZr5TUy5C5,0,196.93040466308594,2,0,2
0.0,0.0,10.576976776123047,chair,00891-cvZr5TUy5C5,0,196.93040466308594,2,0,2
1.0,0.8097696479423967,0.033735137432813644,toilet,00891-cvZr5TUy5C5,0,196.93040466308594,1,0,1
1.0,0.5744973712490664,0.10113570839166641,tv_monitor,00891-cvZr5TUy5C5,0,196.93040466308594,1,0,1
1.0,0.7604031454240053,0.12542763352394104,tv_monitor,00891-cvZr5TUy5C5,0,196.93040466308594,1,0,1
1.0,0.9478693543250674,0.10157319903373718,bed,00843-DYehNKdT76V,0,62.364925384521484,1,0,1
1.0,0.8815335246824801,0.11498618870973587,sofa,00843-DYehNKdT76V,0,62.364925384521484,2,0,2
1.0,0.45904450264319274,0.10861098766326904,plant,00843-DYehNKdT76V,0,62.364925384521484,2,0,2
1.0,0.8042440064663551,0.15593835711479187,bed,00847-bCPU9suPUw9,1,17.04467010498047,1,0,1
1.0,0.8498454654054279,0.15010680258274078,bed,00847-bCPU9suPUw9,1,17.04467010498047,1,0,1
1.0,0.8420665256464112,0.15661214292049408,sofa,00847-bCPU9suPUw9,1,17.04467010498047,1,0,1
1.0,0.2364271297637755,0.06087507680058479,plant,00803-k1cupFYWXJ6,0,205.6027374267578,2,0,2
1.0,0.23398820197996326,0.054961636662483215,plant,00803-k1cupFYWXJ6,0,205.6027374267578,2,0,2
0.0,0.0,13.549479484558105,sofa,00803-k1cupFYWXJ6,0,205.6027374267578,1,0,1
1.0,0.4273201984743483,0.2048184722661972,sofa,00815-h1zeeAwLh9Z,1,37.163169860839844,2,0,2
0.0,0.0,2.5089898109436035,toilet,00815-h1zeeAwLh9Z,0,64.93303680419922,1,0,1
1.0,0.23592479178702933,0.06368951499462128,chair,00815-h1zeeAwLh9Z,0,64.93303680419922,1,0,1
1.0,0.38695648308379726,0.19025753438472748,chair,00815-h1zeeAwLh9Z,1,37.163169860839844,1,0,1
0.0,0.0,12.0858793258667,plant,00861-GLAQ4DNUx5U,0,118.05732727050781,1,0,1
1.0,0.3494163321732416,0.1096959188580513,toilet,00861-GLAQ4DNUx5U,0,118.05732727050781,3,0,3
1.0,0.11261797713259077,0.10369037091732025,toilet,00861-GLAQ4DNUx5U,0,118.05732727050781,2,2,4
1.0,0.8439614153628455,0.11175599694252014,bed,00871-VBzV5z6i1WS,0,59.27443313598633,1,0,1
0.0,0.0,12.763128280639648,tv_monitor,00853-5cdEh9F2hJL,0,77.00389099121094,1,0,1
1.0,0.46193750334328265,0.11175844073295593,sofa,00853-5cdEh9F2hJL,0,77.00389099121094,2,0,2
1.0,0.8010513615088442,0.04001128673553467,bed,00853-5cdEh9F2hJL,0,77.00389099121094,1,0,1
1.0,0.6930346541136061,0.007583248429000378,sofa,00853-5cdEh9F2hJL,0,77.00389099121094,1,0,1
1.0,0.7372133677772226,0.2322472184896469,chair,00853-5cdEh9F2hJL,0,77.00389099121094,1,0,1
1.0,0.40998748740066515,0.1074574738740921,plant,00853-5cdEh9F2hJL,0,77.00389099121094,1,0,1
1.0,0.262028027083184,0.12601304054260254,chair,00800-TEEsavR23oF,0,76.10676574707031,3,0,3
1.0,0.2950910503358375,0.4336870312690735,toilet,00800-TEEsavR23oF,0,76.10676574707031,3,0,3
1.0,0.624873875919678,0.15926674008369446,bed,00800-TEEsavR23oF,0,76.10676574707031,2,0,2
1.0,0.12482668891650667,0.1943987011909485,tv_monitor,00849-a8BtkwhxdRV,0,64.31393432617188,2,0,2
1.0,0.12630024529759937,0.1970292031764984,tv_monitor,00849-a8BtkwhxdRV,0,64.31393432617188,2,0,2
1.0,0.75325720346791,0.15525676310062408,toilet,00849-a8BtkwhxdRV,0,64.31393432617188,1,0,1
1.0,0.7876785119626556,0.16798743605613708,toilet,00849-a8BtkwhxdRV,0,64.31393432617188,1,0,1
1.0,0.6418713543108342,0.1357569545507431,sofa,00813-svBbv1Pavdk,0,73.96382904052734,1,0,1
0.0,0.0,11.927350997924805,toilet,00813-svBbv1Pavdk,0,73.96382904052734,1,0,1
1.0,0.20984715321211433,0.44084542989730835,tv_monitor,00831-yr17PDCnDDW,0,273.9668884277344,3,0,3
1.0,0.09583499418806478,0.09165860712528229,chair,00831-yr17PDCnDDW,0,273.9668884277344,3,0,3
1.0,0.4547683549129812,0.08146049082279205,plant,00831-yr17PDCnDDW,0,273.9668884277344,1,0,1
0.0,0.0,7.571683406829834,chair,00831-yr17PDCnDDW,0,273.9668884277344,1,0,1
1.0,0.3250307426483438,0.0586872436106205,chair,00831-yr17PDCnDDW,0,273.9668884277344,1,0,1
1.0,0.20369143705609621,0.18993259966373444,chair,00827-BAbdmeyTvMZ,0,58.549068450927734,2,0,2
1.0,0.7123268173547654,0.1524142026901245,bed,00827-BAbdmeyTvMZ,0,58.549068450927734,1,0,1
1.0,0.2758913989744624,0.21317385137081146,bed,00827-BAbdmeyTvMZ,0,58.549068450927734,3,1,4
1.0,0.7965417170404935,0.17482654750347137,sofa,00827-BAbdmeyTvMZ,0,58.549068450927734,1,0,1
1.0,0.9102246623485889,0.1572902500629425,bed,00827-BAbdmeyTvMZ,0,58.549068450927734,1,0,1
0.0,0.0,0.939711332321167,sofa,00821-eF36g7L6Z9M,0,255.54568481445312,1,0,1
1.0,0.8005562346808617,0.10911838710308075,toilet,00873-bxsVRursffK,0,64.13450622558594,1,0,1
0.0,0.0,0.7402412295341492,sofa,00873-bxsVRursffK,0,64.13450622558594,1,0,1
0.0,0.0,4.531190872192383,chair,00873-bxsVRursffK,0,64.13450622558594,1,0,1
1.0,0.6145462919384942,0.09360034018754959,bed,00873-bxsVRursffK,0,64.13450622558594,1,0,1
1.0,0.8463163400967877,0.06567002087831497,plant,00873-bxsVRursffK,0,64.13450622558594,1,0,1
1.0,0.9380177639417046,0.14167392253875732,plant,00873-bxsVRursffK,0,64.13450622558594,1,0,1
0.0,0.0,2.1051206588745117,tv_monitor,00878-XB4GS9ShBRE,0,48.26987838745117,1,0,1
1.0,0.5856335076865085,0.0604826956987381,bed,00878-XB4GS9ShBRE,0,48.26987838745117,1,0,1
1.0,0.7764760011217546,0.11832047998905182,chair,00869-MHPLjHsuG27,1,20.642654418945312,1,0,1
1.0,0.4681345559065931,0.1929539144039154,sofa,00869-MHPLjHsuG27,0,14.598527908325195,1,0,1
1.0,0.5989314154828154,0.1617676168680191,sofa,00869-MHPLjHsuG27,0,14.598527908325195,1,0,1
1.0,0.8293703519671872,0.24220839142799377,tv_monitor,00869-MHPLjHsuG27,0,14.598527908325195,1,0,1
1.0,0.5529701913518338,0.12292715162038803,chair,00876-mv2HUxq3B53,0,135.76968383789062,1,0,1
1.0,0.1500743695317704,0.15561926364898682,plant,00876-mv2HUxq3B53,0,135.76968383789062,2,0,2
1.0,0.30067591200536586,0.10592152178287506,chair,00829-QaLdnwvtxbs,0,51.208736419677734,1,0,1
1.0,0.7475579644422771,0.18316249549388885,sofa,00829-QaLdnwvtxbs,0,51.208736419677734,1,0,1
1.0,0.7575113376826388,0.10197868943214417,sofa,00810-CrMo8WxCyVb,0,104.38074493408203,1,0,1
0.0,0.0,8.245894432067871,plant,00810-CrMo8WxCyVb,0,104.38074493408203,3,2,5
1.0,0.6530732109720297,0.10202227532863617,chair,00810-CrMo8WxCyVb,0,104.38074493408203,1,0,1
1.0,0.45140501472753936,0.13865625858306885,bed,00810-CrMo8WxCyVb,0,104.38074493408203,1,0,1
1.0,0.872073085007134,0.08548694103956223,bed,00814-p53SfW6mjZe,0,217.1283721923828,1,0,1
0.0,0.0,1.2725934982299805,tv_monitor,00814-p53SfW6mjZe,0,217.1283721923828,3,1,4
1.0,0.3616951997934565,0.07218513637781143,bed,00814-p53SfW6mjZe,0,217.1283721923828,2,0,2
1.0,1.0,0.461132675409317,tv_monitor,00814-p53SfW6mjZe,0,217.1283721923828,1,0,1
1.0,0.798368861063788,0.19977012276649475,chair,00814-p53SfW6mjZe,0,217.1283721923828,1,0,1
1.0,0.7127718617849312,0.10139463096857071,tv_monitor,00848-ziup5kvtCCR,0,60.34342956542969,1,0,1
1.0,0.4757843797687907,0.15400508046150208,tv_monitor,00802-wcojb4TFT35,2,39.943275451660156,3,0,3
0.0,0.0,9.02785873413086,plant,00802-wcojb4TFT35,0,37.30722427368164,1,1,2
1.0,0.8448184198738161,0.08507935702800751,tv_monitor,00894-HY1NcmCgn3n,0,180.56265258789062,1,0,1
1.0,0.8445877398899874,0.08494044095277786,tv_monitor,00894-HY1NcmCgn3n,0,180.56265258789062,1,0,1
1.0,0.8641197531419625,0.08399152755737305,tv_monitor,00894-HY1NcmCgn3n,0,180.56265258789062,1,0,1
0.0,0.0,3.6324105262756348,chair,00824-Dd4bFSTQ8gi,0,78.68595886230469,1,0,1
0.0,0.0,3.735051155090332,chair,00824-Dd4bFSTQ8gi,0,78.68595886230469,2,0,2
1.0,0.7807620654353435,0.20164091885089874,toilet,00824-Dd4bFSTQ8gi,0,78.68595886230469,1,0,1
1.0,0.20990688329234458,0.158033087849617,sofa,00824-Dd4bFSTQ8gi,0,78.68595886230469,1,0,1
1.0,0.8660245482886653,0.060987960547208786,bed,00824-Dd4bFSTQ8gi,0,78.68595886230469,1,0,1
1.0,0.4309911609415412,0.1914997547864914,chair,00832-qyAac8rV8Zk,0,80.03765106201172,1,0,1
1.0,0.6280398697720156,0.03828269615769386,bed,00862-LT9Jq6dN3Ea,0,275.0478515625,1,0,1
1.0,0.8433645615921243,0.17557664215564728,chair,00835-q3zU7Yy5E5s,0,12.884771347045898,1,0,1
1.0,0.826453952537978,0.49346107244491577,sofa,00835-q3zU7Yy5E5s,1,23.304763793945312,1,0,1
1.0,1.0,0.3553064465522766,sofa,00835-q3zU7Yy5E5s,1,23.304763793945312,1,0,1
1.0,0.7812741023795529,0.15074476599693298,chair,00880-Nfvxx8J5NCo,0,63.492286682128906,1,0,1
0.0,0.0,3.1682400703430176,tv_monitor,00880-Nfvxx8J5NCo,0,63.492286682128906,1,0,1
1.0,0.5245023655196263,0.15063421428203583,chair,00880-Nfvxx8J5NCo,0,63.492286682128906,1,0,1
0.0,0.0,9.829463958740234,tv_monitor,00877-4ok3usBNeis,0,75.36964416503906,1,0,1
1.0,0.8431508475313579,0.07648757100105286,chair,00877-4ok3usBNeis,0,75.36964416503906,1,0,1
1.0,0.8938936473675175,0.1070503368973732,bed,00820-mL8ThkuaVTM,0,49.380516052246094,1,0,1
1.0,0.8738512237537192,0.10320106148719788,bed,00820-mL8ThkuaVTM,0,49.380516052246094,1,0,1
1.0,0.6957956242078269,0.09005174040794373,sofa,00890-6s7QHgap2fW,0,72.89037322998047,1,0,1
0.0,0.0,16.33228874206543,toilet,00890-6s7QHgap2fW,0,72.89037322998047,2,0,2
1.0,0.49096376107082956,0.1548779308795929,sofa,00839-zt1RVoi7PcG,0,127.87889862060547,1,0,1
1.0,0.5703103411930335,0.08277065306901932,chair,00823-7MXmsvcQjpJ,1,85.10262298583984,1,0,1
0.0,0.0,9.829463958740234,tv_monitor,00877-4ok3usBNeis,0,75.36964416503906,1,0,1
1.0,0.8204018055433995,0.17065465450286865,chair,00877-4ok3usBNeis,0,75.36964416503906,1,0,1
1.0,0.872073085007134,0.08548694103956223,bed,00814-p53SfW6mjZe,0,217.1283721923828,1,0,1
1.0,0.32311241602986074,0.15206444263458252,tv_monitor,00814-p53SfW6mjZe,0,217.1283721923828,3,1,4
1.0,0.798368861063788,0.19977012276649475,chair,00814-p53SfW6mjZe,0,217.1283721923828,1,0,1
0.0,0.0,0.7904430627822876,tv_monitor,00814-p53SfW6mjZe,0,217.1283721923828,1,0,1
1.0,0.3616951997934565,0.07218513637781143,bed,00814-p53SfW6mjZe,0,217.1283721923828,2,0,2
1.0,0.6957956242078269,0.09005174040794373,sofa,00890-6s7QHgap2fW,0,72.89037322998047,1,0,1
0.0,0.0,10.19800853729248,toilet,00890-6s7QHgap2fW,0,72.89037322998047,3,2,5
1.0,0.4757843797687907,0.15400508046150208,tv_monitor,00802-wcojb4TFT35,2,39.943275451660156,3,0,3
0.0,0.0,6.323881149291992,plant,00802-wcojb4TFT35,0,37.30722427368164,1,3,4
1.0,0.9102246623485889,0.1572902500629425,bed,00827-BAbdmeyTvMZ,0,58.549068450927734,1,0,1
1.0,0.7965417170404935,0.17482654750347137,sofa,00827-BAbdmeyTvMZ,0,58.549068450927734,1,0,1
1.0,0.2896903073714994,0.17883628606796265,bed,00827-BAbdmeyTvMZ,0,58.549068450927734,3,1,4
1.0,0.21054446534492044,0.1570989489555359,chair,00827-BAbdmeyTvMZ,0,58.549068450927734,2,0,2
1.0,0.7123268173547654,0.1524142026901245,bed,00827-BAbdmeyTvMZ,0,58.549068450927734,1,0,1
1.0,0.09714373006584738,0.08717948198318481,chair,00831-yr17PDCnDDW,0,273.9668884277344,3,0,3
1.0,0.4547683549129812,0.08146049082279205,plant,00831-yr17PDCnDDW,0,273.9668884277344,1,0,1
1.0,0.20984715321211433,0.44084542989730835,tv_monitor,00831-yr17PDCnDDW,0,273.9668884277344,3,0,3
0.0,0.0,7.084290981292725,chair,00831-yr17PDCnDDW,0,273.9668884277344,1,0,1
1.0,0.3250307426483438,0.0586872436106205,chair,00831-yr17PDCnDDW,0,273.9668884277344,1,0,1
1.0,0.7127718617849312,0.10139463096857071,tv_monitor,00848-ziup5kvtCCR,0,60.34342956542969,1,0,1
1.0,0.75325720346791,0.15525676310062408,toilet,00849-a8BtkwhxdRV,0,64.31393432617188,1,0,1
1.0,0.12630024529759937,0.1970292031764984,tv_monitor,00849-a8BtkwhxdRV,0,64.31393432617188,2,0,2
1.0,0.12482668891650667,0.1943987011909485,tv_monitor,00849-a8BtkwhxdRV,0,64.31393432617188,2,0,2
1.0,0.7876785119626556,0.16798743605613708,toilet,00849-a8BtkwhxdRV,0,64.31393432617188,1,0,1
1.0,0.7604031454240053,0.12542763352394104,tv_monitor,00891-cvZr5TUy5C5,0,196.93040466308594,1,0,1
1.0,0.5744973712490664,0.10113570839166641,tv_monitor,00891-cvZr5TUy5C5,0,196.93040466308594,1,0,1
0.0,0.0,10.576976776123047,chair,00891-cvZr5TUy5C5,0,196.93040466308594,2,0,2
1.0,0.8097696479423967,0.033735137432813644,toilet,00891-cvZr5TUy5C5,0,196.93040466308594,1,0,1
0.0,0.0,10.565460205078125,chair,00891-cvZr5TUy5C5,0,196.93040466308594,2,0,2
1.0,0.8684773004345651,0.15870745480060577,sofa,00835-q3zU7Yy5E5s,1,23.304763793945312,1,0,1
1.0,1.0,0.26358193159103394,sofa,00835-q3zU7Yy5E5s,1,23.304763793945312,1,0,1
1.0,0.8433645615921243,0.17557664215564728,chair,00835-q3zU7Yy5E5s,0,12.884771347045898,1,0,1
1.0,0.9380177639417046,0.14167392253875732,plant,00873-bxsVRursffK,0,64.13450622558594,1,0,1
1.0,0.919731869708937,0.07773496210575104,plant,00873-bxsVRursffK,0,64.13450622558594,1,0,1
1.0,0.6145462919384942,0.09360034018754959,bed,00873-bxsVRursffK,0,64.13450622558594,1,0,1
0.0,0.0,4.843723297119141,chair,00873-bxsVRursffK,0,64.13450622558594,1,0,1
0.0,0.0,1.2267194986343384,sofa,00873-bxsVRursffK,0,64.13450622558594,1,0,1
1.0,0.7709490951314012,0.1827961951494217,toilet,00873-bxsVRursffK,0,64.13450622558594,1,0,1
1.0,0.2364271297637755,0.06087507680058479,plant,00803-k1cupFYWXJ6,0,205.6027374267578,2,0,2
0.0,0.0,13.549479484558105,sofa,00803-k1cupFYWXJ6,0,205.6027374267578,1,0,1
1.0,0.23398820197996326,0.054961636662483215,plant,00803-k1cupFYWXJ6,0,205.6027374267578,2,0,2
1.0,0.6418713543108342,0.1357569545507431,sofa,00813-svBbv1Pavdk,0,73.96382904052734,1,0,1
0.0,0.0,11.927350997924805,toilet,00813-svBbv1Pavdk,0,73.96382904052734,1,0,1
1.0,0.8938936473675175,0.1070503368973732,bed,00820-mL8ThkuaVTM,0,49.380516052246094,1,0,1
1.0,0.8738512237537192,0.10320106148719788,bed,00820-mL8ThkuaVTM,0,49.380516052246094,1,0,1
1.0,0.624873875919678,0.15926674008369446,bed,00800-TEEsavR23oF,0,76.10676574707031,2,0,2
1.0,0.2950910503358375,0.4336870312690735,toilet,00800-TEEsavR23oF,0,76.10676574707031,3,0,3
1.0,0.5239620309956745,0.12446346879005432,chair,00800-TEEsavR23oF,0,76.10676574707031,1,0,1
1.0,0.5503092029898818,0.19178110361099243,chair,00823-7MXmsvcQjpJ,1,85.10262298583984,1,0,1
1.0,0.20734064103639835,0.18032413721084595,sofa,00824-Dd4bFSTQ8gi,0,78.68595886230469,1,0,1
0.0,0.0,3.735051155090332,chair,00824-Dd4bFSTQ8gi,0,78.68595886230469,2,0,2
1.0,0.8660245482886653,0.060987960547208786,bed,00824-Dd4bFSTQ8gi,0,78.68595886230469,1,0,1
0.0,0.0,3.6324105262756348,chair,00824-Dd4bFSTQ8gi,0,78.68595886230469,1,0,1
1.0,0.790195104246742,0.06716538220643997,toilet,00824-Dd4bFSTQ8gi,0,78.68595886230469,1,0,1
1.0,0.8042440064663551,0.15593835711479187,bed,00847-bCPU9suPUw9,1,17.04467010498047,1,0,1
1.0,0.7823514868268142,0.344927579164505,sofa,00847-bCPU9suPUw9,1,17.04467010498047,1,0,1
1.0,0.8498454654054279,0.15010680258274078,bed,00847-bCPU9suPUw9,1,17.04467010498047,1,0,1
1.0,0.22866040247418312,0.1117180809378624,chair,00815-h1zeeAwLh9Z,0,64.93303680419922,1,0,1
1.0,0.38695648308379726,0.19025753438472748,chair,00815-h1zeeAwLh9Z,1,37.163169860839844,1,0,1
1.0,0.4690242240754558,0.26423874497413635,toilet,00815-h1zeeAwLh9Z,0,64.93303680419922,3,1,4
1.0,0.4273201984743483,0.2048184722661972,sofa,00815-h1zeeAwLh9Z,1,37.163169860839844,2,0,2
1.0,0.8815335246824801,0.11498618870973587,sofa,00843-DYehNKdT76V,0,62.364925384521484,2,0,2
1.0,0.45904450264319274,0.10861098766326904,plant,00843-DYehNKdT76V,0,62.364925384521484,2,0,2
1.0,0.9478693543250674,0.10157319903373718,bed,00843-DYehNKdT76V,0,62.364925384521484,1,0,1
1.0,0.7764760011217546,0.11832047998905182,chair,00869-MHPLjHsuG27,1,20.642654418945312,1,0,1
1.0,0.5937807278521854,0.18955625593662262,sofa,00869-MHPLjHsuG27,0,14.598527908325195,1,0,1
1.0,0.4733566264240147,0.16742050647735596,sofa,00869-MHPLjHsuG27,0,14.598527908325195,1,0,1
1.0,0.8293703519671872,0.24220839142799377,tv_monitor,00869-MHPLjHsuG27,0,14.598527908325195,1,0,1
0.0,0.0,5.480249404907227,plant,00810-CrMo8WxCyVb,0,104.38074493408203,2,0,2
1.0,0.6888557453508081,0.17478463053703308,sofa,00810-CrMo8WxCyVb,0,104.38074493408203,1,0,1
1.0,0.5202976176664824,0.06052016839385033,bed,00810-CrMo8WxCyVb,0,104.38074493408203,1,0,1
1.0,0.7015569392924613,0.09713496267795563,chair,00810-CrMo8WxCyVb,0,104.38074493408203,1,0,1
0.0,0.0,3.1682400703430176,tv_monitor,00880-Nfvxx8J5NCo,0,63.492286682128906,1,0,1
1.0,0.493622893152551,0.1853371560573578,chair,00880-Nfvxx8J5NCo,0,63.492286682128906,1,0,1
1.0,0.7812741023795529,0.15074476599693298,chair,00880-Nfvxx8J5NCo,0,63.492286682128906,1,0,1
1.0,0.40998748740066515,0.1074574738740921,plant,00853-5cdEh9F2hJL,0,77.00389099121094,1,0,1
1.0,0.45614268053565293,0.17288999259471893,sofa,00853-5cdEh9F2hJL,0,77.00389099121094,2,0,2
0.0,0.0,12.763128280639648,tv_monitor,00853-5cdEh9F2hJL,0,77.00389099121094,1,0,1
1.0,0.6103207895777727,0.12632951140403748,sofa,00853-5cdEh9F2hJL,0,77.00389099121094,1,0,1
1.0,0.7372133677772226,0.2322472184896469,chair,00853-5cdEh9F2hJL,0,77.00389099121094,1,0,1
1.0,0.8010513615088442,0.04001128673553467,bed,00853-5cdEh9F2hJL,0,77.00389099121094,1,0,1
1.0,0.8641197531419625,0.08399152755737305,tv_monitor,00894-HY1NcmCgn3n,0,180.56265258789062,1,0,1
1.0,0.8249118593513832,0.11826950311660767,tv_monitor,00894-HY1NcmCgn3n,0,180.56265258789062,1,0,1
1.0,0.8445877398899874,0.08494044095277786,tv_monitor,00894-HY1NcmCgn3n,0,180.56265258789062,1,0,1
1.0,0.8439614153628455,0.11175599694252014,bed,00871-VBzV5z6i1WS,0,59.27443313598633,1,0,1
1.0,0.30067591200536586,0.10592152178287506,chair,00829-QaLdnwvtxbs,0,51.208736419677734,1,0,1
1.0,0.7475579644422771,0.18316249549388885,sofa,00829-QaLdnwvtxbs,0,51.208736419677734,1,0,1
1.0,0.5954376376937178,0.02855626493692398,chair,00876-mv2HUxq3B53,0,135.76968383789062,1,0,1
1.0,0.15433259430905302,0.06180691719055176,plant,00876-mv2HUxq3B53,0,135.76968383789062,2,0,2
0.0,0.0,0.9596776962280273,sofa,00821-eF36g7L6Z9M,0,255.54568481445312,1,0,1
0.0,0.0,1.8726873397827148,toilet,00861-GLAQ4DNUx5U,0,118.05732727050781,2,0,2
0.0,0.0,11.832418441772461,plant,00861-GLAQ4DNUx5U,0,118.05732727050781,1,0,1
1.0,0.3494163321732416,0.1096959188580513,toilet,00861-GLAQ4DNUx5U,0,118.05732727050781,3,0,3
1.0,0.5856335076865085,0.0604826956987381,bed,00878-XB4GS9ShBRE,0,48.26987838745117,1,0,1
0.0,0.0,2.1051206588745117,tv_monitor,00878-XB4GS9ShBRE,0,48.26987838745117,1,0,1
1.0,0.6280398697720156,0.03828269615769386,bed,00862-LT9Jq6dN3Ea,0,275.0478515625,1,0,1
1.0,0.4309911609415412,0.1914997547864914,chair,00832-qyAac8rV8Zk,0,80.03765106201172,1,0,1
1.0,0.49096376107082956,0.1548779308795929,sofa,00839-zt1RVoi7PcG,0,127.87889862060547,1,0,1
0.0,0.0,9.535609245300293,plant,00802-wcojb4TFT35,0,37.30722427368164,1,3,4
1.0,0.4757843797687907,0.15400508046150208,tv_monitor,00802-wcojb4TFT35,2,39.943275451660156,3,0,3
0.0,0.0,3.735051155090332,chair,00824-Dd4bFSTQ8gi,0,78.68595886230469,2,0,2
1.0,0.790195104246742,0.06716538220643997,toilet,00824-Dd4bFSTQ8gi,0,78.68595886230469,1,0,1
1.0,0.20990688329234458,0.158033087849617,sofa,00824-Dd4bFSTQ8gi,0,78.68595886230469,1,0,1
0.0,0.0,3.6324105262756348,chair,00824-Dd4bFSTQ8gi,0,78.68595886230469,1,0,1
1.0,0.8660245482886653,0.060987960547208786,bed,00824-Dd4bFSTQ8gi,0,78.68595886230469,1,0,1
1.0,0.6280398697720156,0.03828269615769386,bed,00862-LT9Jq6dN3Ea,0,275.0478515625,1,0,1
1.0,0.49096376107082956,0.1548779308795929,sofa,00839-zt1RVoi7PcG,0,127.87889862060547,1,0,1
1.0,0.8010513615088442,0.04001128673553467,bed,00853-5cdEh9F2hJL,0,77.00389099121094,1,0,1
1.0,0.6930346541136061,0.007583248429000378,sofa,00853-5cdEh9F2hJL,0,77.00389099121094,1,0,1
1.0,0.40998748740066515,0.1074574738740921,plant,00853-5cdEh9F2hJL,0,77.00389099121094,1,0,1
0.0,0.0,13.019396781921387,tv_monitor,00853-5cdEh9F2hJL,0,77.00389099121094,1,0,1
1.0,0.7210103377890372,0.2814904749393463,chair,00853-5cdEh9F2hJL,0,77.00389099121094,1,0,1
1.0,0.45614268053565293,0.17288999259471893,sofa,00853-5cdEh9F2hJL,0,77.00389099121094,2,0,2
0.0,0.0,11.628179550170898,toilet,00813-svBbv1Pavdk,0,73.96382904052734,1,0,1
1.0,0.6418713543108342,0.1357569545507431,sofa,00813-svBbv1Pavdk,0,73.96382904052734,1,0,1
1.0,0.9478693543250674,0.10157319903373718,bed,00843-DYehNKdT76V,0,62.364925384521484,1,0,1
1.0,0.4489438809002737,0.21569646894931793,plant,00843-DYehNKdT76V,0,62.364925384521484,2,0,2
1.0,0.8815335246824801,0.11498618870973587,sofa,00843-DYehNKdT76V,0,62.364925384521484,2,0,2
1.0,0.12482668891650667,0.1943987011909485,tv_monitor,00849-a8BtkwhxdRV,0,64.31393432617188,2,0,2
1.0,0.7876785119626556,0.16798743605613708,toilet,00849-a8BtkwhxdRV,0,64.31393432617188,1,0,1
1.0,0.12630024529759937,0.1970292031764984,tv_monitor,00849-a8BtkwhxdRV,0,64.31393432617188,2,0,2
1.0,0.7191361151619428,0.2132052630186081,toilet,00849-a8BtkwhxdRV,0,64.31393432617188,1,0,1
1.0,0.798368861063788,0.19977012276649475,chair,00814-p53SfW6mjZe,0,217.1283721923828,1,0,1
1.0,0.3616951997934565,0.07218513637781143,bed,00814-p53SfW6mjZe,0,217.1283721923828,2,0,2
0.0,0.0,0.7904430627822876,tv_monitor,00814-p53SfW6mjZe,0,217.1283721923828,1,0,1
1.0,0.872073085007134,0.08548694103956223,bed,00814-p53SfW6mjZe,0,217.1283721923828,1,0,1
1.0,0.32311241602986074,0.15206444263458252,tv_monitor,00814-p53SfW6mjZe,0,217.1283721923828,3,1,4
1.0,0.9380177639417046,0.14167392253875732,plant,00873-bxsVRursffK,0,64.13450622558594,1,0,1
1.0,0.8005562346808617,0.10911838710308075,toilet,00873-bxsVRursffK,0,64.13450622558594,1,0,1
0.0,0.0,0.7402412295341492,sofa,00873-bxsVRursffK,0,64.13450622558594,1,0,1
1.0,0.6145462919384942,0.09360034018754959,bed,00873-bxsVRursffK,0,64.13450622558594,1,0,1
0.0,0.0,4.843723297119141,chair,00873-bxsVRursffK,0,64.13450622558594,1,0,1
1.0,0.8463163400967877,0.06567002087831497,plant,00873-bxsVRursffK,0,64.13450622558594,1,0,1
1.0,0.20984715321211433,0.44084542989730835,tv_monitor,00831-yr17PDCnDDW,0,273.9668884277344,3,0,3
1.0,0.3250307426483438,0.0586872436106205,chair,00831-yr17PDCnDDW,0,273.9668884277344,1,0,1
1.0,0.09714373006584738,0.08717948198318481,chair,00831-yr17PDCnDDW,0,273.9668884277344,3,0,3
1.0,0.4547683549129812,0.08146049082279205,plant,00831-yr17PDCnDDW,0,273.9668884277344,1,0,1
0.0,0.0,7.084290981292725,chair,00831-yr17PDCnDDW,0,273.9668884277344,1,0,1
1.0,0.8204018055433995,0.17065465450286865,chair,00877-4ok3usBNeis,0,75.36964416503906,1,0,1
0.0,0.0,9.829463958740234,tv_monitor,00877-4ok3usBNeis,0,75.36964416503906,1,0,1
1.0,0.5954376376937178,0.02855626493692398,chair,00876-mv2HUxq3B53,0,135.76968383789062,1,0,1
1.0,0.15433259430905302,0.06180691719055176,plant,00876-mv2HUxq3B53,0,135.76968383789062,2,0,2
1.0,0.5202976176664824,0.06052016839385033,bed,00810-CrMo8WxCyVb,0,104.38074493408203,1,0,1
1.0,0.7015569392924613,0.09713496267795563,chair,00810-CrMo8WxCyVb,0,104.38074493408203,1,0,1
1.0,0.7575113376826388,0.10197868943214417,sofa,00810-CrMo8WxCyVb,0,104.38074493408203,1,0,1
0.0,0.0,9.274941444396973,plant,00810-CrMo8WxCyVb,0,104.38074493408203,3,3,6
1.0,0.44906684065313446,0.07451741397380829,chair,00832-qyAac8rV8Zk,0,80.03765106201172,1,0,1
1.0,0.11247139668263008,0.11665381491184235,toilet,00861-GLAQ4DNUx5U,0,118.05732727050781,2,2,4
0.0,0.0,9.111459732055664,toilet,00861-GLAQ4DNUx5U,0,118.05732727050781,3,1,4
0.0,0.0,11.832418441772461,plant,00861-GLAQ4DNUx5U,0,118.05732727050781,1,0,1
0.0,0.0,6.988524913787842,sofa,00815-h1zeeAwLh9Z,1,37.163169860839844,1,0,1
0.0,0.0,2.5089898109436035,toilet,00815-h1zeeAwLh9Z,0,64.93303680419922,1,0,1
1.0,0.4010838592070328,0.15520037710666656,chair,00815-h1zeeAwLh9Z,1,37.163169860839844,1,0,1
1.0,0.22866040247418312,0.1117180809378624,chair,00815-h1zeeAwLh9Z,0,64.93303680419922,1,0,1
1.0,0.7123268173547654,0.1524142026901245,bed,00827-BAbdmeyTvMZ,0,58.549068450927734,1,0,1
1.0,0.9102246623485889,0.1572902500629425,bed,00827-BAbdmeyTvMZ,0,58.549068450927734,1,0,1
1.0,0.20369143705609621,0.18993259966373444,chair,00827-BAbdmeyTvMZ,0,58.549068450927734,2,0,2
1.0,0.30164100605522004,0.15926405787467957,bed,00827-BAbdmeyTvMZ,0,58.549068450927734,3,1,4
1.0,0.732812590722744,0.21254076063632965,sofa,00827-BAbdmeyTvMZ,0,58.549068450927734,1,0,1
1.0,0.22591073721313082,0.15000128746032715,plant,00803-k1cupFYWXJ6,0,205.6027374267578,2,0,2
1.0,0.2243282270451126,0.15000128746032715,plant,00803-k1cupFYWXJ6,0,205.6027374267578,2,0,2
0.0,0.0,13.549479484558105,sofa,00803-k1cupFYWXJ6,0,205.6027374267578,1,0,1
1.0,0.8042440064663551,0.15593835711479187,bed,00847-bCPU9suPUw9,1,17.04467010498047,1,0,1
1.0,0.7823514868268142,0.344927579164505,sofa,00847-bCPU9suPUw9,1,17.04467010498047,1,0,1
1.0,0.8498454654054279,0.15010680258274078,bed,00847-bCPU9suPUw9,1,17.04467010498047,1,0,1
0.0,0.0,3.1682400703430176,tv_monitor,00880-Nfvxx8J5NCo,0,63.492286682128906,1,0,1
1.0,0.7275800428899195,0.16922852396965027,chair,00880-Nfvxx8J5NCo,0,63.492286682128906,1,0,1
1.0,0.5245023655196263,0.15063421428203583,chair,00880-Nfvxx8J5NCo,0,63.492286682128906,1,0,1
0.0,0.0,10.576976776123047,chair,00891-cvZr5TUy5C5,0,196.93040466308594,1,0,1
0.0,0.0,10.541766166687012,chair,00891-cvZr5TUy5C5,0,196.93040466308594,3,3,6
1.0,0.8097696479423967,0.033735137432813644,toilet,00891-cvZr5TUy5C5,0,196.93040466308594,1,0,1
1.0,0.5744973712490664,0.10113570839166641,tv_monitor,00891-cvZr5TUy5C5,0,196.93040466308594,1,0,1
1.0,0.7604031454240053,0.12542763352394104,tv_monitor,00891-cvZr5TUy5C5,0,196.93040466308594,1,0,1
1.0,0.624873875919678,0.15926674008369446,bed,00800-TEEsavR23oF,0,76.10676574707031,2,0,2
1.0,0.30359274013569454,0.15605655312538147,toilet,00800-TEEsavR23oF,0,76.10676574707031,3,0,3
1.0,0.262028027083184,0.12601304054260254,chair,00800-TEEsavR23oF,0,76.10676574707031,3,0,3
1.0,0.7707658160002201,0.3753594160079956,chair,00835-q3zU7Yy5E5s,0,12.884771347045898,1,0,1
1.0,1.0,0.26358193159103394,sofa,00835-q3zU7Yy5E5s,1,23.304763793945312,1,0,1
1.0,0.8684773004345651,0.15870745480060577,sofa,00835-q3zU7Yy5E5s,1,23.304763793945312,1,0,1
1.0,0.5703103411930335,0.08277065306901932,chair,00823-7MXmsvcQjpJ,1,85.10262298583984,1,0,1
0.0,0.0,10.19800853729248,toilet,00890-6s7QHgap2fW,0,72.89037322998047,3,2,5
1.0,0.6957956242078269,0.09005174040794373,sofa,00890-6s7QHgap2fW,0,72.89037322998047,1,0,1
1.0,0.8439614153628455,0.11175599694252014,bed,00871-VBzV5z6i1WS,0,59.27443313598633,1,0,1
1.0,0.5856335076865085,0.0604826956987381,bed,00878-XB4GS9ShBRE,0,48.26987838745117,1,0,1
0.0,0.0,2.1051206588745117,tv_monitor,00878-XB4GS9ShBRE,0,48.26987838745117,1,0,1
1.0,0.8641197531419625,0.08399152755737305,tv_monitor,00894-HY1NcmCgn3n,0,180.56265258789062,1,0,1
1.0,0.8448184198738161,0.08507935702800751,tv_monitor,00894-HY1NcmCgn3n,0,180.56265258789062,1,0,1
1.0,0.2652263678022521,0.06404823809862137,tv_monitor,00894-HY1NcmCgn3n,0,180.56265258789062,2,1,3
1.0,0.8293703519671872,0.24220839142799377,tv_monitor,00869-MHPLjHsuG27,0,14.598527908325195,1,0,1
1.0,0.4733566264240147,0.16742050647735596,sofa,00869-MHPLjHsuG27,0,14.598527908325195,1,0,1
1.0,0.5937807278521854,0.18955625593662262,sofa,00869-MHPLjHsuG27,0,14.598527908325195,1,0,1
1.0,0.7764760011217546,0.11832047998905182,chair,00869-MHPLjHsuG27,1,20.642654418945312,1,0,1
0.0,0.0,0.939711332321167,sofa,00821-eF36g7L6Z9M,0,255.54568481445312,1,0,1
1.0,0.7127718617849312,0.10139463096857071,tv_monitor,00848-ziup5kvtCCR,0,60.34342956542969,1,0,1
1.0,0.8938936473675175,0.1070503368973732,bed,00820-mL8ThkuaVTM,0,49.380516052246094,1,0,1
1.0,0.8738512237537192,0.10320106148719788,bed,00820-mL8ThkuaVTM,0,49.380516052246094,1,0,1
1.0,0.7134552548852416,0.18578198552131653,sofa,00829-QaLdnwvtxbs,0,51.208736419677734,1,0,1
1.0,0.30067591200536586,0.10592152178287506,chair,00829-QaLdnwvtxbs,0,51.208736419677734,1,0,1
1.0,0.15433259430905302,0.06180691719055176,plant,00876-mv2HUxq3B53,0,135.76968383789062,2,0,2
1.0,0.5954376376937178,0.02855626493692398,chair,00876-mv2HUxq3B53,0,135.76968383789062,1,0,1
1.0,0.8295198596243378,0.12451999634504318,tv_monitor,00894-HY1NcmCgn3n,0,180.56265258789062,1,0,1
1.0,0.8641197531419625,0.08399152755737305,tv_monitor,00894-HY1NcmCgn3n,0,180.56265258789062,1,0,1
1.0,0.8448184198738161,0.08507935702800751,tv_monitor,00894-HY1NcmCgn3n,0,180.56265258789062,1,0,1
1.0,0.7127718617849312,0.10139463096857071,tv_monitor,00848-ziup5kvtCCR,0,60.34342956542969,1,0,1
1.0,0.9380177639417046,0.14167392253875732,plant,00873-bxsVRursffK,0,64.13450622558594,1,0,1
1.0,0.919731869708937,0.07773496210575104,plant,00873-bxsVRursffK,0,64.13450622558594,1,0,1
0.0,0.0,1.2267194986343384,sofa,00873-bxsVRursffK,0,64.13450622558594,1,0,1
0.0,0.0,4.843723297119141,chair,00873-bxsVRursffK,0,64.13450622558594,1,0,1
1.0,0.8005562346808617,0.10911838710308075,toilet,00873-bxsVRursffK,0,64.13450622558594,1,0,1
1.0,0.5681548051199965,0.10074982047080994,bed,00873-bxsVRursffK,0,64.13450622558594,1,0,1
1.0,0.6418713543108342,0.1357569545507431,sofa,00813-svBbv1Pavdk,0,73.96382904052734,1,0,1
0.0,0.0,11.628179550170898,toilet,00813-svBbv1Pavdk,0,73.96382904052734,1,0,1
0.0,0.0,12.763128280639648,tv_monitor,00853-5cdEh9F2hJL,0,77.00389099121094,1,0,1
1.0,0.7372133677772226,0.2322472184896469,chair,00853-5cdEh9F2hJL,0,77.00389099121094,1,0,1
1.0,0.40998748740066515,0.1074574738740921,plant,00853-5cdEh9F2hJL,0,77.00389099121094,1,0,1
1.0,0.46193750334328265,0.11175844073295593,sofa,00853-5cdEh9F2hJL,0,77.00389099121094,2,0,2
1.0,0.6930346541136061,0.007583248429000378,sofa,00853-5cdEh9F2hJL,0,77.00389099121094,1,0,1
1.0,0.8010513615088442,0.04001128673553467,bed,00853-5cdEh9F2hJL,0,77.00389099121094,1,0,1
1.0,0.22866040247418312,0.1117180809378624,chair,00815-h1zeeAwLh9Z,0,64.93303680419922,1,0,1
0.0,0.0,2.5089898109436035,toilet,00815-h1zeeAwLh9Z,0,64.93303680419922,2,0,2
0.0,0.0,6.988524913787842,sofa,00815-h1zeeAwLh9Z,1,37.163169860839844,1,0,1
1.0,0.38695648308379726,0.19025753438472748,chair,00815-h1zeeAwLh9Z,1,37.163169860839844,1,0,1
1.0,0.9102246623485889,0.1572902500629425,bed,00827-BAbdmeyTvMZ,0,58.549068450927734,1,0,1
1.0,0.7965417170404935,0.17482654750347137,sofa,00827-BAbdmeyTvMZ,0,58.549068450927734,1,0,1
1.0,0.30783419229209763,0.1510581225156784,bed,00827-BAbdmeyTvMZ,0,58.549068450927734,3,2,5
1.0,0.20369143705609621,0.18993259966373444,chair,00827-BAbdmeyTvMZ,0,58.549068450927734,2,0,2
1.0,0.7123268173547654,0.1524142026901245,bed,00827-BAbdmeyTvMZ,0,58.549068450927734,1,0,1
1.0,0.7876785119626556,0.16798743605613708,toilet,00849-a8BtkwhxdRV,0,64.31393432617188,1,0,1
1.0,0.12630024529759937,0.1970292031764984,tv_monitor,00849-a8BtkwhxdRV,0,64.31393432617188,2,0,2
1.0,0.12482668891650667,0.1943987011909485,tv_monitor,00849-a8BtkwhxdRV,0,64.31393432617188,2,0,2
1.0,0.6581872614865183,0.21846698224544525,toilet,00849-a8BtkwhxdRV,0,64.31393432617188,3,1,4
0.0,0.0,7.084290981292725,chair,00831-yr17PDCnDDW,0,273.9668884277344,1,0,1
1.0,0.09714373006584738,0.08717948198318481,chair,00831-yr17PDCnDDW,0,273.9668884277344,3,0,3
1.0,0.3250307426483438,0.0586872436106205,chair,00831-yr17PDCnDDW,0,273.9668884277344,1,0,1
1.0,0.20984715321211433,0.44084542989730835,tv_monitor,00831-yr17PDCnDDW,0,273.9668884277344,3,0,3
1.0,0.4547683549129812,0.08146049082279205,plant,00831-yr17PDCnDDW,0,273.9668884277344,1,0,1
1.0,0.5937807278521854,0.18955625593662262,sofa,00869-MHPLjHsuG27,0,14.598527908325195,1,0,1
1.0,0.7764760011217546,0.11832047998905182,chair,00869-MHPLjHsuG27,1,20.642654418945312,1,0,1
1.0,0.8293703519671872,0.24220839142799377,tv_monitor,00869-MHPLjHsuG27,0,14.598527908325195,1,0,1
1.0,0.4681345559065931,0.1929539144039154,sofa,00869-MHPLjHsuG27,0,14.598527908325195,1,0,1
1.0,0.29031883769428907,0.13427263498306274,chair,00829-QaLdnwvtxbs,0,51.208736419677734,1,0,1
1.0,0.7475579644422771,0.18316249549388885,sofa,00829-QaLdnwvtxbs,0,51.208736419677734,1,0,1
1.0,1.0,0.26358193159103394,sofa,00835-q3zU7Yy5E5s,1,23.304763793945312,1,0,1
1.0,0.9821388951498325,0.08511211723089218,sofa,00835-q3zU7Yy5E5s,1,23.304763793945312,1,0,1
1.0,0.7707658160002201,0.3753594160079956,chair,00835-q3zU7Yy5E5s,0,12.884771347045898,1,0,1
1.0,0.6957956242078269,0.09005174040794373,sofa,00890-6s7QHgap2fW,0,72.89037322998047,1,0,1
0.0,0.0,16.33228874206543,toilet,00890-6s7QHgap2fW,0,72.89037322998047,2,0,2
1.0,0.7807620654353435,0.20164091885089874,toilet,00824-Dd4bFSTQ8gi,0,78.68595886230469,1,0,1
1.0,0.8660245482886653,0.060987960547208786,bed,00824-Dd4bFSTQ8gi,0,78.68595886230469,1,0,1
1.0,0.20990688329234458,0.158033087849617,sofa,00824-Dd4bFSTQ8gi,0,78.68595886230469,1,0,1
0.0,0.0,3.6324105262756348,chair,00824-Dd4bFSTQ8gi,0,78.68595886230469,1,0,1
0.0,0.0,3.735051155090332,chair,00824-Dd4bFSTQ8gi,0,78.68595886230469,2,0,2
1.0,0.8498454654054279,0.15010680258274078,bed,00847-bCPU9suPUw9,1,17.04467010498047,1,0,1
1.0,0.8042440064663551,0.15593835711479187,bed,00847-bCPU9suPUw9,1,17.04467010498047,1,0,1
1.0,0.7823514868268142,0.344927579164505,sofa,00847-bCPU9suPUw9,1,17.04467010498047,1,0,1
1.0,0.23398820197996326,0.054961636662483215,plant,00803-k1cupFYWXJ6,0,205.6027374267578,2,0,2
0.0,0.0,13.549479484558105,sofa,00803-k1cupFYWXJ6,0,205.6027374267578,1,0,1
1.0,0.22591073721313082,0.15000128746032715,plant,00803-k1cupFYWXJ6,0,205.6027374267578,2,0,2
0.0,0.0,9.608903884887695,tv_monitor,00877-4ok3usBNeis,0,75.36964416503906,1,0,1
1.0,0.8431508475313579,0.07648757100105286,chair,00877-4ok3usBNeis,0,75.36964416503906,1,0,1
0.0,0.0,10.576976776123047,chair,00891-cvZr5TUy5C5,0,196.93040466308594,2,0,2
1.0,0.7604031454240053,0.12542763352394104,tv_monitor,00891-cvZr5TUy5C5,0,196.93040466308594,1,0,1
1.0,0.8921429779464938,0.025730084627866745,toilet,00891-cvZr5TUy5C5,0,196.93040466308594,1,0,1
0.0,0.0,10.565460205078125,chair,00891-cvZr5TUy5C5,0,196.93040466308594,2,0,2
1.0,0.5744973712490664,0.10113570839166641,tv_monitor,00891-cvZr5TUy5C5,0,196.93040466308594,1,0,1
0.0,0.0,11.832418441772461,plant,00861-GLAQ4DNUx5U,0,118.05732727050781,1,0,1
1.0,0.40028326356069416,0.043965961784124374,toilet,00861-GLAQ4DNUx5U,0,118.05732727050781,2,1,3
1.0,0.3494163321732416,0.1096959188580513,toilet,00861-GLAQ4DNUx5U,0,118.05732727050781,3,0,3
1.0,0.2950910503358375,0.4336870312690735,toilet,00800-TEEsavR23oF,0,76.10676574707031,3,0,3
0.0,0.0,2.2161812782287598,chair,00800-TEEsavR23oF,0,76.10676574707031,2,0,2
1.0,0.624873875919678,0.15926674008369446,bed,00800-TEEsavR23oF,0,76.10676574707031,2,0,2
0.0,0.0,10.493497848510742,plant,00802-wcojb4TFT35,0,37.30722427368164,1,3,4
1.0,0.4757843797687907,0.15400508046150208,tv_monitor,00802-wcojb4TFT35,2,39.943275451660156,3,0,3
1.0,0.6888557453508081,0.17478463053703308,sofa,00810-CrMo8WxCyVb,0,104.38074493408203,1,0,1
1.0,0.7015569392924613,0.09713496267795563,chair,00810-CrMo8WxCyVb,0,104.38074493408203,1,0,1
1.0,0.5202976176664824,0.06052016839385033,bed,00810-CrMo8WxCyVb,0,104.38074493408203,1,0,1
0.0,0.0,6.01069450378418,plant,00810-CrMo8WxCyVb,0,104.38074493408203,3,3,6
1.0,1.0,0.461132675409317,tv_monitor,00814-p53SfW6mjZe,0,217.1283721923828,1,0,1
1.0,0.829868027747583,0.0455213263630867,chair,00814-p53SfW6mjZe,0,217.1283721923828,1,0,1
1.0,0.872073085007134,0.08548694103956223,bed,00814-p53SfW6mjZe,0,217.1283721923828,1,0,1
1.0,0.32311241602986074,0.15206444263458252,tv_monitor,00814-p53SfW6mjZe,0,217.1283721923828,3,1,4
1.0,0.3616951997934565,0.07218513637781143,bed,00814-p53SfW6mjZe,0,217.1283721923828,2,0,2
1.0,0.6280398697720156,0.03828269615769386,bed,00862-LT9Jq6dN3Ea,0,275.0478515625,1,0,1
1.0,0.5856335076865085,0.0604826956987381,bed,00878-XB4GS9ShBRE,0,48.26987838745117,1,0,1
0.0,0.0,2.4648969173431396,tv_monitor,00878-XB4GS9ShBRE,0,48.26987838745117,1,0,1
1.0,0.7812741023795529,0.15074476599693298,chair,00880-Nfvxx8J5NCo,0,63.492286682128906,1,0,1
1.0,0.5245023655196263,0.15063421428203583,chair,00880-Nfvxx8J5NCo,0,63.492286682128906,1,0,1
0.0,0.0,3.1682400703430176,tv_monitor,00880-Nfvxx8J5NCo,0,63.492286682128906,1,0,1
1.0,0.8938936473675175,0.1070503368973732,bed,00820-mL8ThkuaVTM,0,49.380516052246094,1,0,1
1.0,0.8453067727745412,0.17489567399024963,bed,00820-mL8ThkuaVTM,0,49.380516052246094,1,0,1
1.0,0.45904450264319274,0.10861098766326904,plant,00843-DYehNKdT76V,0,62.364925384521484,2,0,2
1.0,0.9478693543250674,0.10157319903373718,bed,00843-DYehNKdT76V,0,62.364925384521484,1,0,1
1.0,0.8212318572369937,0.10543377697467804,sofa,00843-DYehNKdT76V,0,62.364925384521484,2,0,2
0.0,0.0,0.939711332321167,sofa,00821-eF36g7L6Z9M,0,255.54568481445312,1,0,1
1.0,0.8439614153628455,0.11175599694252014,bed,00871-VBzV5z6i1WS,0,59.27443313598633,1,0,1
1.0,0.49096376107082956,0.1548779308795929,sofa,00839-zt1RVoi7PcG,0,127.87889862060547,1,0,1
1.0,0.5703103411930335,0.08277065306901932,chair,00823-7MXmsvcQjpJ,1,85.10262298583984,1,0,1
1.0,0.44906684065313446,0.07451741397380829,chair,00832-qyAac8rV8Zk,0,80.03765106201172,1,0,1
1.0,0.7015569392924613,0.09713496267795563,chair,00810-CrMo8WxCyVb,0,104.38074493408203,1,0,1
1.0,0.5202976176664824,0.06052016839385033,bed,00810-CrMo8WxCyVb,0,104.38074493408203,1,0,1
0.0,0.0,5.540379524230957,plant,00810-CrMo8WxCyVb,0,104.38074493408203,2,0,2
1.0,0.6888557453508081,0.17478463053703308,sofa,00810-CrMo8WxCyVb,0,104.38074493408203,1,0,1
0.0,0.0,15.951492309570312,toilet,00890-6s7QHgap2fW,0,72.89037322998047,2,0,2
1.0,0.665141034921998,0.1649377942085266,sofa,00890-6s7QHgap2fW,0,72.89037322998047,1,0,1
1.0,0.7764760011217546,0.11832047998905182,chair,00869-MHPLjHsuG27,1,20.642654418945312,1,0,1
1.0,0.4681345559065931,0.1929539144039154,sofa,00869-MHPLjHsuG27,0,14.598527908325195,1,0,1
1.0,0.8293703519671872,0.24220839142799377,tv_monitor,00869-MHPLjHsuG27,0,14.598527908325195,1,0,1
1.0,0.5989314154828154,0.1617676168680191,sofa,00869-MHPLjHsuG27,0,14.598527908325195,1,0,1
1.0,0.9102246623485889,0.1572902500629425,bed,00827-BAbdmeyTvMZ,0,58.549068450927734,1,0,1
1.0,0.7965417170404935,0.17482654750347137,sofa,00827-BAbdmeyTvMZ,0,58.549068450927734,1,0,1
1.0,0.7123268173547654,0.1524142026901245,bed,00827-BAbdmeyTvMZ,0,58.549068450927734,1,0,1
1.0,0.21054446534492044,0.1570989489555359,chair,00827-BAbdmeyTvMZ,0,58.549068450927734,2,0,2
1.0,0.17629083225767822,0.18029822409152985,bed,00827-BAbdmeyTvMZ,0,58.549068450927734,3,2,5
0.0,0.0,2.1051206588745117,tv_monitor,00878-XB4GS9ShBRE,0,48.26987838745117,1,0,1
1.0,0.5856335076865085,0.0604826956987381,bed,00878-XB4GS9ShBRE,0,48.26987838745117,1,0,1
1.0,0.12489988919654067,0.2144702970981598,tv_monitor,00849-a8BtkwhxdRV,0,64.31393432617188,2,0,2
1.0,0.7191361151619428,0.2132052630186081,toilet,00849-a8BtkwhxdRV,0,64.31393432617188,1,0,1
1.0,0.7261312961856808,0.22990712523460388,toilet,00849-a8BtkwhxdRV,0,64.31393432617188,1,0,1
1.0,0.12482668891650667,0.1943987011909485,tv_monitor,00849-a8BtkwhxdRV,0,64.31393432617188,2,0,2
1.0,0.3494163321732416,0.1096959188580513,toilet,00861-GLAQ4DNUx5U,0,118.05732727050781,3,0,3
1.0,0.11261797713259077,0.10369037091732025,toilet,00861-GLAQ4DNUx5U,0,118.05732727050781,2,2,4
0.0,0.0,12.0858793258667,plant,00861-GLAQ4DNUx5U,0,118.05732727050781,1,0,1
1.0,0.7707658160002201,0.3753594160079956,chair,00835-q3zU7Yy5E5s,0,12.884771347045898,1,0,1
1.0,0.9821388951498325,0.08511211723089218,sofa,00835-q3zU7Yy5E5s,1,23.304763793945312,1,0,1
1.0,1.0,0.26358193159103394,sofa,00835-q3zU7Yy5E5s,1,23.304763793945312,1,0,1
1.0,0.8641197531419625,0.08399152755737305,tv_monitor,00894-HY1NcmCgn3n,0,180.56265258789062,1,0,1
1.0,0.8448184198738161,0.08507935702800751,tv_monitor,00894-HY1NcmCgn3n,0,180.56265258789062,1,0,1
1.0,0.8445877398899874,0.08494044095277786,tv_monitor,00894-HY1NcmCgn3n,0,180.56265258789062,1,0,1
1.0,0.6418713543108342,0.1357569545507431,sofa,00813-svBbv1Pavdk,0,73.96382904052734,1,0,1
0.0,0.0,11.628179550170898,toilet,00813-svBbv1Pavdk,0,73.96382904052734,1,0,1
1.0,0.8660245482886653,0.060987960547208786,bed,00824-Dd4bFSTQ8gi,0,78.68595886230469,1,0,1
0.0,0.0,3.6073570251464844,chair,00824-Dd4bFSTQ8gi,0,78.68595886230469,2,0,2
0.0,0.0,3.6324105262756348,chair,00824-Dd4bFSTQ8gi,0,78.68595886230469,1,0,1
1.0,0.790195104246742,0.06716538220643997,toilet,00824-Dd4bFSTQ8gi,0,78.68595886230469,1,0,1
1.0,0.20990688329234458,0.158033087849617,sofa,00824-Dd4bFSTQ8gi,0,78.68595886230469,1,0,1
1.0,0.9478693543250674,0.10157319903373718,bed,00843-DYehNKdT76V,0,62.364925384521484,1,0,1
1.0,0.8815335246824801,0.11498618870973587,sofa,00843-DYehNKdT76V,0,62.364925384521484,2,0,2
1.0,0.4489438809002737,0.21569646894931793,plant,00843-DYehNKdT76V,0,62.364925384521484,2,0,2
1.0,0.8938936473675175,0.1070503368973732,bed,00820-mL8ThkuaVTM,0,49.380516052246094,1,0,1
1.0,0.8453067727745412,0.17489567399024963,bed,00820-mL8ThkuaVTM,0,49.380516052246094,1,0,1
1.0,0.3616951997934565,0.07218513637781143,bed,00814-p53SfW6mjZe,0,217.1283721923828,2,0,2
0.0,0.0,1.2659859657287598,tv_monitor,00814-p53SfW6mjZe,0,217.1283721923828,3,1,4
0.0,0.0,0.7904430627822876,tv_monitor,00814-p53SfW6mjZe,0,217.1283721923828,1,0,1
1.0,0.829868027747583,0.0455213263630867,chair,00814-p53SfW6mjZe,0,217.1283721923828,1,0,1
1.0,0.872073085007134,0.08548694103956223,bed,00814-p53SfW6mjZe,0,217.1283721923828,1,0,1
0.0,0.0,1.2267194986343384,sofa,00873-bxsVRursffK,0,64.13450622558594,1,0,1
1.0,0.919731869708937,0.07773496210575104,plant,00873-bxsVRursffK,0,64.13450622558594,1,0,1
0.0,0.0,4.843723297119141,chair,00873-bxsVRursffK,0,64.13450622558594,1,0,1
1.0,0.8005562346808617,0.10911838710308075,toilet,00873-bxsVRursffK,0,64.13450622558594,1,0,1
1.0,0.9380177639417046,0.14167392253875732,plant,00873-bxsVRursffK,0,64.13450622558594,1,0,1
1.0,0.6145462919384942,0.09360034018754959,bed,00873-bxsVRursffK,0,64.13450622558594,1,0,1
1.0,0.4010838592070328,0.15520037710666656,chair,00815-h1zeeAwLh9Z,1,37.163169860839844,1,0,1
0.0,0.0,6.988524913787842,sofa,00815-h1zeeAwLh9Z,1,37.163169860839844,1,0,1
1.0,0.46757362589359125,0.24213507771492004,toilet,00815-h1zeeAwLh9Z,0,64.93303680419922,3,1,4
1.0,0.22866040247418312,0.1117180809378624,chair,00815-h1zeeAwLh9Z,0,64.93303680419922,1,0,1
1.0,0.8431508475313579,0.07648757100105286,chair,00877-4ok3usBNeis,0,75.36964416503906,1,0,1
0.0,0.0,9.608903884887695,tv_monitor,00877-4ok3usBNeis,0,75.36964416503906,1,0,1
1.0,0.2950910503358375,0.4336870312690735,toilet,00800-TEEsavR23oF,0,76.10676574707031,3,0,3
0.0,0.0,2.2161865234375,chair,00800-TEEsavR23oF,0,76.10676574707031,2,0,2
1.0,0.624873875919678,0.15926674008369446,bed,00800-TEEsavR23oF,0,76.10676574707031,2,0,2
1.0,0.7127718617849312,0.10139463096857071,tv_monitor,00848-ziup5kvtCCR,0,60.34342956542969,1,0,1
1.0,0.09714373006584738,0.08717948198318481,chair,00831-yr17PDCnDDW,0,273.9668884277344,3,0,3
1.0,0.20984715321211433,0.44084542989730835,tv_monitor,00831-yr17PDCnDDW,0,273.9668884277344,3,0,3
1.0,0.3011869311580393,0.032557886093854904,chair,00831-yr17PDCnDDW,0,273.9668884277344,1,0,1
0.0,0.0,7.571683406829834,chair,00831-yr17PDCnDDW,0,273.9668884277344,1,0,1
1.0,0.4547683549129812,0.08146049082279205,plant,00831-yr17PDCnDDW,0,273.9668884277344,1,0,1
1.0,0.7604031454240053,0.12542763352394104,tv_monitor,00891-cvZr5TUy5C5,0,196.93040466308594,1,0,1
0.0,0.0,10.782328605651855,chair,00891-cvZr5TUy5C5,0,196.93040466308594,2,0,2
1.0,0.3402604846545282,0.1047377958893776,chair,00891-cvZr5TUy5C5,0,196.93040466308594,3,2,5
1.0,0.5744973712490664,0.10113570839166641,tv_monitor,00891-cvZr5TUy5C5,0,196.93040466308594,1,0,1
1.0,0.8921429779464938,0.025730084627866745,toilet,00891-cvZr5TUy5C5,0,196.93040466308594,1,0,1
1.0,0.6930346541136061,0.007583248429000378,sofa,00853-5cdEh9F2hJL,0,77.00389099121094,1,0,1
1.0,0.8010513615088442,0.04001128673553467,bed,00853-5cdEh9F2hJL,0,77.00389099121094,1,0,1
0.0,0.0,12.763128280639648,tv_monitor,00853-5cdEh9F2hJL,0,77.00389099121094,1,0,1
1.0,0.7372133677772226,0.2322472184896469,chair,00853-5cdEh9F2hJL,0,77.00389099121094,1,0,1
1.0,0.45614268053565293,0.17288999259471893,sofa,00853-5cdEh9F2hJL,0,77.00389099121094,2,0,2
1.0,0.40998748740066515,0.1074574738740921,plant,00853-5cdEh9F2hJL,0,77.00389099121094,1,0,1
1.0,0.49096376107082956,0.1548779308795929,sofa,00839-zt1RVoi7PcG,0,127.87889862060547,1,0,1
1.0,0.7258847258113017,0.20058754086494446,bed,00847-bCPU9suPUw9,1,17.04467010498047,1,0,1
1.0,0.7823514868268142,0.344927579164505,sofa,00847-bCPU9suPUw9,1,17.04467010498047,1,0,1
1.0,0.8498454654054279,0.15010680258274078,bed,00847-bCPU9suPUw9,1,17.04467010498047,1,0,1
1.0,0.29031883769428907,0.13427263498306274,chair,00829-QaLdnwvtxbs,0,51.208736419677734,1,0,1
1.0,0.7475579644422771,0.18316249549388885,sofa,00829-QaLdnwvtxbs,0,51.208736419677734,1,0,1
1.0,0.5245023655196263,0.15063421428203583,chair,00880-Nfvxx8J5NCo,0,63.492286682128906,1,0,1
1.0,0.7275800428899195,0.16922852396965027,chair,00880-Nfvxx8J5NCo,0,63.492286682128906,1,0,1
0.0,0.0,3.1682400703430176,tv_monitor,00880-Nfvxx8J5NCo,0,63.492286682128906,1,0,1
1.0,0.6280398697720156,0.03828269615769386,bed,00862-LT9Jq6dN3Ea,0,275.0478515625,1,0,1
1.0,0.5954376376937178,0.02855626493692398,chair,00876-mv2HUxq3B53,0,135.76968383789062,1,0,1
1.0,0.15433259430905302,0.06180691719055176,plant,00876-mv2HUxq3B53,0,135.76968383789062,2,0,2
1.0,0.5503092029898818,0.19178110361099243,chair,00823-7MXmsvcQjpJ,1,85.10262298583984,1,0,1
1.0,0.8439614153628455,0.11175599694252014,bed,00871-VBzV5z6i1WS,0,59.27443313598633,1,0,1
1.0,0.23398820197996326,0.054961636662483215,plant,00803-k1cupFYWXJ6,0,205.6027374267578,2,0,2
0.0,0.0,13.549479484558105,sofa,00803-k1cupFYWXJ6,0,205.6027374267578,1,0,1
1.0,0.2364271297637755,0.06087507680058479,plant,00803-k1cupFYWXJ6,0,205.6027374267578,2,0,2
0.0,0.0,1.8600273132324219,sofa,00821-eF36g7L6Z9M,0,255.54568481445312,2,0,2
0.0,0.0,4.89924430847168,plant,00802-wcojb4TFT35,0,37.30722427368164,1,3,4
1.0,0.4757843797687907,0.15400508046150208,tv_monitor,00802-wcojb4TFT35,2,39.943275451660156,3,0,3
1.0,0.4309911609415412,0.1914997547864914,chair,00832-qyAac8rV8Zk,0,80.03765106201172,1,0,1
0.0,0.0,0.7904430627822876,tv_monitor,00814-p53SfW6mjZe,0,217.1283721923828,1,0,1
1.0,0.872073085007134,0.08548694103956223,bed,00814-p53SfW6mjZe,0,217.1283721923828,1,0,1
1.0,0.829868027747583,0.0455213263630867,chair,00814-p53SfW6mjZe,0,217.1283721923828,1,0,1
1.0,0.3616951997934565,0.07218513637781143,bed,00814-p53SfW6mjZe,0,217.1283721923828,2,0,2
1.0,0.32311241602986074,0.15206444263458252,tv_monitor,00814-p53SfW6mjZe,0,217.1283721923828,3,1,4
1.0,0.8159799587392202,0.31108084321022034,tv_monitor,00869-MHPLjHsuG27,0,14.598527908325195,1,0,1
1.0,0.5989314154828154,0.1617676168680191,sofa,00869-MHPLjHsuG27,0,14.598527908325195,1,0,1
1.0,0.4733566264240147,0.16742050647735596,sofa,00869-MHPLjHsuG27,0,14.598527908325195,1,0,1
1.0,0.7764760011217546,0.11832047998905182,chair,00869-MHPLjHsuG27,1,20.642654418945312,1,0,1
1.0,0.624873875919678,0.15926674008369446,bed,00800-TEEsavR23oF,0,76.10676574707031,2,0,2
1.0,0.2950910503358375,0.4336870312690735,toilet,00800-TEEsavR23oF,0,76.10676574707031,3,0,3
1.0,0.5239620309956745,0.12446346879005432,chair,00800-TEEsavR23oF,0,76.10676574707031,1,0,1
1.0,0.9380177639417046,0.14167392253875732,plant,00873-bxsVRursffK,0,64.13450622558594,1,0,1
0.0,0.0,4.843723297119141,chair,00873-bxsVRursffK,0,64.13450622558594,1,0,1
0.0,0.0,0.7402412295341492,sofa,00873-bxsVRursffK,0,64.13450622558594,1,0,1
1.0,0.8005562346808617,0.10911838710308075,toilet,00873-bxsVRursffK,0,64.13450622558594,1,0,1
1.0,0.919731869708937,0.07773496210575104,plant,00873-bxsVRursffK,0,64.13450622558594,1,0,1
1.0,0.6145462919384942,0.09360034018754959,bed,00873-bxsVRursffK,0,64.13450622558594,1,0,1
1.0,0.45140501472753936,0.13865625858306885,bed,00810-CrMo8WxCyVb,0,104.38074493408203,1,0,1
1.0,0.6530732109720297,0.10202227532863617,chair,00810-CrMo8WxCyVb,0,104.38074493408203,1,0,1
0.0,0.0,4.504570007324219,plant,00810-CrMo8WxCyVb,0,104.38074493408203,3,1,4
1.0,0.7575113376826388,0.10197868943214417,sofa,00810-CrMo8WxCyVb,0,104.38074493408203,1,0,1
1.0,0.8498454654054279,0.15010680258274078,bed,00847-bCPU9suPUw9,1,17.04467010498047,1,0,1
1.0,0.7823514868268142,0.344927579164505,sofa,00847-bCPU9suPUw9,1,17.04467010498047,1,0,1
1.0,0.8042440064663551,0.15593835711479187,bed,00847-bCPU9suPUw9,1,17.04467010498047,1,0,1
1.0,0.7812741023795529,0.15074476599693298,chair,00880-Nfvxx8J5NCo,0,63.492286682128906,1,0,1
0.0,0.0,3.1682400703430176,tv_monitor,00880-Nfvxx8J5NCo,0,63.492286682128906,1,0,1
1.0,0.5245023655196263,0.15063421428203583,chair,00880-Nfvxx8J5NCo,0,63.492286682128906,1,0,1
0.0,0.0,9.418693542480469,toilet,00861-GLAQ4DNUx5U,0,118.05732727050781,2,1,3
1.0,0.34358437320077423,0.13303934037685394,toilet,00861-GLAQ4DNUx5U,0,118.05732727050781,3,0,3
0.0,0.0,12.0858793258667,plant,00861-GLAQ4DNUx5U,0,118.05732727050781,1,0,1
1.0,0.8204018055433995,0.17065465450286865,chair,00877-4ok3usBNeis,0,75.36964416503906,1,0,1
0.0,0.0,9.608903884887695,tv_monitor,00877-4ok3usBNeis,0,75.36964416503906,1,0,1
1.0,0.5954376376937178,0.02855626493692398,chair,00876-mv2HUxq3B53,0,135.76968383789062,1,0,1
1.0,0.15433259430905302,0.06180691719055176,plant,00876-mv2HUxq3B53,0,135.76968383789062,2,0,2
1.0,0.7127718617849312,0.10139463096857071,tv_monitor,00848-ziup5kvtCCR,0,60.34342956542969,1,0,1
0.0,0.0,4.123510837554932,chair,00824-Dd4bFSTQ8gi,0,78.68595886230469,1,0,1
1.0,0.790195104246742,0.06716538220643997,toilet,00824-Dd4bFSTQ8gi,0,78.68595886230469,1,0,1
1.0,0.20990688329234458,0.158033087849617,sofa,00824-Dd4bFSTQ8gi,0,78.68595886230469,1,0,1
1.0,0.8660245482886653,0.060987960547208786,bed,00824-Dd4bFSTQ8gi,0,78.68595886230469,1,0,1
0.0,0.0,3.735051155090332,chair,00824-Dd4bFSTQ8gi,0,78.68595886230469,2,0,2
1.0,0.40998748740066515,0.1074574738740921,plant,00853-5cdEh9F2hJL,0,77.00389099121094,1,0,1
1.0,0.7210103377890372,0.2814904749393463,chair,00853-5cdEh9F2hJL,0,77.00389099121094,1,0,1
1.0,0.46193750334328265,0.11175844073295593,sofa,00853-5cdEh9F2hJL,0,77.00389099121094,2,0,2
1.0,0.6930346541136061,0.007583248429000378,sofa,00853-5cdEh9F2hJL,0,77.00389099121094,1,0,1
0.0,0.0,12.763128280639648,tv_monitor,00853-5cdEh9F2hJL,0,77.00389099121094,1,0,1
1.0,0.8010513615088442,0.04001128673553467,bed,00853-5cdEh9F2hJL,0,77.00389099121094,1,0,1
1.0,0.7475579644422771,0.18316249549388885,sofa,00829-QaLdnwvtxbs,0,51.208736419677734,1,0,1
1.0,0.30067591200536586,0.10592152178287506,chair,00829-QaLdnwvtxbs,0,51.208736419677734,1,0,1
1.0,0.980421853422911,0.100679911673069,sofa,00835-q3zU7Yy5E5s,1,23.304763793945312,2,0,2
1.0,0.8433645615921243,0.17557664215564728,chair,00835-q3zU7Yy5E5s,0,12.884771347045898,1,0,1
1.0,0.8684773004345651,0.15870745480060577,sofa,00835-q3zU7Yy5E5s,1,23.304763793945312,1,0,1
0.0,0.0,2.1051206588745117,tv_monitor,00878-XB4GS9ShBRE,0,48.26987838745117,1,0,1
1.0,0.5856335076865085,0.0604826956987381,bed,00878-XB4GS9ShBRE,0,48.26987838745117,1,0,1
1.0,0.7965417170404935,0.17482654750347137,sofa,00827-BAbdmeyTvMZ,0,58.549068450927734,1,0,1
1.0,0.6541332991211898,0.24995550513267517,bed,00827-BAbdmeyTvMZ,0,58.549068450927734,1,0,1
1.0,0.9102246623485889,0.1572902500629425,bed,00827-BAbdmeyTvMZ,0,58.549068450927734,1,0,1
1.0,0.28575912439856976,0.16715557873249054,bed,00827-BAbdmeyTvMZ,0,58.549068450927734,3,2,5
0.0,0.0,0.6985031962394714,chair,00827-BAbdmeyTvMZ,0,58.549068450927734,1,0,1
1.0,0.12482668891650667,0.1943987011909485,tv_monitor,00849-a8BtkwhxdRV,0,64.31393432617188,2,0,2
1.0,0.7178426350104791,0.17931464314460754,toilet,00849-a8BtkwhxdRV,0,64.31393432617188,3,1,4
1.0,0.7876785119626556,0.16798743605613708,toilet,00849-a8BtkwhxdRV,0,64.31393432617188,1,0,1
1.0,0.12630024529759937,0.1970292031764984,tv_monitor,00849-a8BtkwhxdRV,0,64.31393432617188,2,0,2
1.0,0.5744973712490664,0.10113570839166641,tv_monitor,00891-cvZr5TUy5C5,0,196.93040466308594,1,0,1
0.0,0.0,10.576976776123047,chair,00891-cvZr5TUy5C5,0,196.93040466308594,1,0,1
1.0,0.8097696479423967,0.033735137432813644,toilet,00891-cvZr5TUy5C5,0,196.93040466308594,1,0,1
0.0,0.0,9.886423110961914,chair,00891-cvZr5TUy5C5,0,196.93040466308594,3,3,6
1.0,0.7604031454240053,0.12542763352394104,tv_monitor,00891-cvZr5TUy5C5,0,196.93040466308594,1,0,1
1.0,0.20737811799728492,0.09276304394006729,tv_monitor,00831-yr17PDCnDDW,0,273.9668884277344,3,0,3
0.0,0.0,7.084290981292725,chair,00831-yr17PDCnDDW,0,273.9668884277344,1,0,1
1.0,0.09714373006584738,0.08717948198318481,chair,00831-yr17PDCnDDW,0,273.9668884277344,3,0,3
1.0,0.4547683549129812,0.08146049082279205,plant,00831-yr17PDCnDDW,0,273.9668884277344,1,0,1
1.0,0.27712177901860074,0.03507932648062706,chair,00831-yr17PDCnDDW,0,273.9668884277344,2,0,2
1.0,0.8938936473675175,0.1070503368973732,bed,00820-mL8ThkuaVTM,0,49.380516052246094,1,0,1
1.0,0.8738512237537192,0.10320106148719788,bed,00820-mL8ThkuaVTM,0,49.380516052246094,1,0,1
1.0,0.4195256246771658,0.04616779834032059,chair,00832-qyAac8rV8Zk,0,80.03765106201172,1,0,1
0.0,0.0,7.258635997772217,sofa,00815-h1zeeAwLh9Z,1,37.163169860839844,1,0,1
1.0,0.23592479178702933,0.06368951499462128,chair,00815-h1zeeAwLh9Z,0,64.93303680419922,1,0,1
0.0,0.0,2.5089898109436035,toilet,00815-h1zeeAwLh9Z,0,64.93303680419922,1,0,1
1.0,0.4010838592070328,0.15520037710666656,chair,00815-h1zeeAwLh9Z,1,37.163169860839844,1,0,1
1.0,0.4757843797687907,0.15400508046150208,tv_monitor,00802-wcojb4TFT35,2,39.943275451660156,3,0,3
0.0,0.0,8.977766036987305,plant,00802-wcojb4TFT35,0,37.30722427368164,1,2,3
1.0,0.665141034921998,0.1649377942085266,sofa,00890-6s7QHgap2fW,0,72.89037322998047,1,0,1
0.0,0.0,15.951492309570312,toilet,00890-6s7QHgap2fW,0,72.89037322998047,2,0,2
0.0,0.0,0.9596776962280273,sofa,00821-eF36g7L6Z9M,0,255.54568481445312,1,0,1
1.0,0.6418713543108342,0.1357569545507431,sofa,00813-svBbv1Pavdk,0,73.96382904052734,1,0,1
0.0,0.0,11.628179550170898,toilet,00813-svBbv1Pavdk,0,73.96382904052734,1,0,1
1.0,0.5503092029898818,0.19178110361099243,chair,00823-7MXmsvcQjpJ,1,85.10262298583984,1,0,1
1.0,0.8448184198738161,0.08507935702800751,tv_monitor,00894-HY1NcmCgn3n,0,180.56265258789062,1,0,1
1.0,0.8445877398899874,0.08494044095277786,tv_monitor,00894-HY1NcmCgn3n,0,180.56265258789062,1,0,1
1.0,0.8641197531419625,0.08399152755737305,tv_monitor,00894-HY1NcmCgn3n,0,180.56265258789062,1,0,1
1.0,0.4660112758352305,0.20515833795070648,sofa,00839-zt1RVoi7PcG,0,127.87889862060547,1,0,1
1.0,0.9478693543250674,0.10157319903373718,bed,00843-DYehNKdT76V,0,62.364925384521484,1,0,1
1.0,0.45904450264319274,0.10861098766326904,plant,00843-DYehNKdT76V,0,62.364925384521484,2,0,2
1.0,0.8815335246824801,0.11498618870973587,sofa,00843-DYehNKdT76V,0,62.364925384521484,2,0,2
0.0,0.0,13.549479484558105,sofa,00803-k1cupFYWXJ6,0,205.6027374267578,1,0,1
1.0,0.2243282270451126,0.15000128746032715,plant,00803-k1cupFYWXJ6,0,205.6027374267578,2,0,2
1.0,0.2364271297637755,0.06087507680058479,plant,00803-k1cupFYWXJ6,0,205.6027374267578,2,0,2
1.0,0.6280398697720156,0.03828269615769386,bed,00862-LT9Jq6dN3Ea,0,275.0478515625,1,0,1
1.0,0.8439614153628455,0.11175599694252014,bed,00871-VBzV5z6i1WS,0,59.27443313598633,1,0,1
1.0,0.38695648308379726,0.19025753438472748,chair,00815-h1zeeAwLh9Z,1,37.163169860839844,1,0,1
1.0,0.22866040247418312,0.1117180809378624,chair,00815-h1zeeAwLh9Z,0,64.93303680419922,1,0,1
1.0,0.4373184884597758,0.15704447031021118,sofa,00815-h1zeeAwLh9Z,1,37.163169860839844,2,0,2
0.0,0.0,2.5089898109436035,toilet,00815-h1zeeAwLh9Z,0,64.93303680419922,1,0,1
1.0,0.09714373006584738,0.08717948198318481,chair,00831-yr17PDCnDDW,0,273.9668884277344,3,0,3
1.0,0.3013500573335986,0.03514451906085014,chair,00831-yr17PDCnDDW,0,273.9668884277344,1,0,1
0.0,0.0,7.571683406829834,chair,00831-yr17PDCnDDW,0,273.9668884277344,1,0,1
1.0,0.20737811799728492,0.09276304394006729,tv_monitor,00831-yr17PDCnDDW,0,273.9668884277344,3,0,3
1.0,0.4547683549129812,0.08146049082279205,plant,00831-yr17PDCnDDW,0,273.9668884277344,1,0,1
1.0,0.6888557453508081,0.17478463053703308,sofa,00810-CrMo8WxCyVb,0,104.38074493408203,1,0,1
1.0,0.7015569392924613,0.09713496267795563,chair,00810-CrMo8WxCyVb,0,104.38074493408203,1,0,1
0.0,0.0,8.582487106323242,plant,00810-CrMo8WxCyVb,0,104.38074493408203,3,3,6
1.0,0.4484988799923119,0.19650040566921234,bed,00810-CrMo8WxCyVb,0,104.38074493408203,1,0,1
1.0,0.30359274013569454,0.15605655312538147,toilet,00800-TEEsavR23oF,0,76.10676574707031,3,0,3
1.0,0.15233243970070104,0.17139926552772522,chair,00800-TEEsavR23oF,0,76.10676574707031,3,1,4
1.0,0.624873875919678,0.15926674008369446,bed,00800-TEEsavR23oF,0,76.10676574707031,2,0,2
1.0,0.3494163321732416,0.1096959188580513,toilet,00861-GLAQ4DNUx5U,0,118.05732727050781,3,0,3
0.0,0.0,11.832418441772461,plant,00861-GLAQ4DNUx5U,0,118.05732727050781,1,0,1
0.0,0.0,9.34991455078125,toilet,00861-GLAQ4DNUx5U,0,118.05732727050781,2,1,3
1.0,0.790195104246742,0.06716538220643997,toilet,00824-Dd4bFSTQ8gi,0,78.68595886230469,1,0,1
1.0,0.20990688329234458,0.158033087849617,sofa,00824-Dd4bFSTQ8gi,0,78.68595886230469,1,0,1
0.0,0.0,3.6324105262756348,chair,00824-Dd4bFSTQ8gi,0,78.68595886230469,1,0,1
1.0,0.8660245482886653,0.060987960547208786,bed,00824-Dd4bFSTQ8gi,0,78.68595886230469,1,0,1
0.0,0.0,3.735051155090332,chair,00824-Dd4bFSTQ8gi,0,78.68595886230469,2,0,2
0.0,0.0,4.843723297119141,chair,00873-bxsVRursffK,0,64.13450622558594,1,0,1
1.0,0.5681548051199965,0.10074982047080994,bed,00873-bxsVRursffK,0,64.13450622558594,1,0,1
0.0,0.0,0.7402412295341492,sofa,00873-bxsVRursffK,0,64.13450622558594,1,0,1
1.0,0.8005562346808617,0.10911838710308075,toilet,00873-bxsVRursffK,0,64.13450622558594,1,0,1
1.0,0.919731869708937,0.07773496210575104,plant,00873-bxsVRursffK,0,64.13450622558594,1,0,1
1.0,0.9380177639417046,0.14167392253875732,plant,00873-bxsVRursffK,0,64.13450622558594,1,0,1
1.0,0.5937807278521854,0.18955625593662262,sofa,00869-MHPLjHsuG27,0,14.598527908325195,1,0,1
1.0,0.4733566264240147,0.16742050647735596,sofa,00869-MHPLjHsuG27,0,14.598527908325195,1,0,1
1.0,0.7764760011217546,0.11832047998905182,chair,00869-MHPLjHsuG27,1,20.642654418945312,1,0,1
1.0,0.8293703519671872,0.24220839142799377,tv_monitor,00869-MHPLjHsuG27,0,14.598527908325195,1,0,1
1.0,0.8431508475313579,0.07648757100105286,chair,00877-4ok3usBNeis,0,75.36964416503906,1,0,1
0.0,0.0,9.829463958740234,tv_monitor,00877-4ok3usBNeis,0,75.36964416503906,1,0,1
0.0,0.0,4.45390510559082,bed,00814-p53SfW6mjZe,0,217.1283721923828,1,0,1
1.0,0.829868027747583,0.0455213263630867,chair,00814-p53SfW6mjZe,0,217.1283721923828,1,0,1
1.0,1.0,0.461132675409317,tv_monitor,00814-p53SfW6mjZe,0,217.1283721923828,1,0,1
0.0,0.0,1.3510749340057373,tv_monitor,00814-p53SfW6mjZe,0,217.1283721923828,3,1,4
1.0,0.872073085007134,0.08548694103956223,bed,00814-p53SfW6mjZe,0,217.1283721923828,1,0,1
1.0,0.75325720346791,0.15525676310062408,toilet,00849-a8BtkwhxdRV,0,64.31393432617188,1,0,1
1.0,0.12338905414272978,0.2144702970981598,tv_monitor,00849-a8BtkwhxdRV,0,64.31393432617188,2,0,2
1.0,0.12630024529759937,0.1970292031764984,tv_monitor,00849-a8BtkwhxdRV,0,64.31393432617188,2,0,2
1.0,0.7261312961856808,0.22990712523460388,toilet,00849-a8BtkwhxdRV,0,64.31393432617188,1,0,1
1.0,0.7123268173547654,0.1524142026901245,bed,00827-BAbdmeyTvMZ,0,58.549068450927734,1,0,1
1.0,0.7965417170404935,0.17482654750347137,sofa,00827-BAbdmeyTvMZ,0,58.549068450927734,1,0,1
1.0,0.20369143705609621,0.18993259966373444,chair,00827-BAbdmeyTvMZ,0,58.549068450927734,2,0,2
1.0,0.9102246623485889,0.1572902500629425,bed,00827-BAbdmeyTvMZ,0,58.549068450927734,1,0,1
1.0,0.2694086237567269,0.20430956780910492,bed,00827-BAbdmeyTvMZ,0,58.549068450927734,3,2,5
1.0,0.8448184198738161,0.08507935702800751,tv_monitor,00894-HY1NcmCgn3n,0,180.56265258789062,1,0,1
1.0,0.8473531217765146,0.11826950311660767,tv_monitor,00894-HY1NcmCgn3n,0,180.56265258789062,1,0,1
1.0,0.8445877398899874,0.08494044095277786,tv_monitor,00894-HY1NcmCgn3n,0,180.56265258789062,1,0,1
1.0,0.8097696479423967,0.033735137432813644,toilet,00891-cvZr5TUy5C5,0,196.93040466308594,1,0,1
0.0,0.0,2.6854259967803955,chair,00891-cvZr5TUy5C5,0,196.93040466308594,3,3,6
1.0,0.5744973712490664,0.10113570839166641,tv_monitor,00891-cvZr5TUy5C5,0,196.93040466308594,1,0,1
1.0,0.7604031454240053,0.12542763352394104,tv_monitor,00891-cvZr5TUy5C5,0,196.93040466308594,1,0,1
0.0,0.0,10.782328605651855,chair,00891-cvZr5TUy5C5,0,196.93040466308594,2,0,2
1.0,0.4078738443827237,0.12261124700307846,plant,00853-5cdEh9F2hJL,0,77.00389099121094,1,0,1
1.0,0.7372133677772226,0.2322472184896469,chair,00853-5cdEh9F2hJL,0,77.00389099121094,1,0,1
1.0,0.46193750334328265,0.11175844073295593,sofa,00853-5cdEh9F2hJL,0,77.00389099121094,2,0,2
1.0,0.6930346541136061,0.007583248429000378,sofa,00853-5cdEh9F2hJL,0,77.00389099121094,1,0,1
0.0,0.0,12.763128280639648,tv_monitor,00853-5cdEh9F2hJL,0,77.00389099121094,1,0,1
1.0,0.8010513615088442,0.04001128673553467,bed,00853-5cdEh9F2hJL,0,77.00389099121094,1,0,1
1.0,1.0,0.3553064465522766,sofa,00835-q3zU7Yy5E5s,1,23.304763793945312,1,0,1
1.0,0.8684773004345651,0.15870745480060577,sofa,00835-q3zU7Yy5E5s,1,23.304763793945312,1,0,1
1.0,0.7707658160002201,0.3753594160079956,chair,00835-q3zU7Yy5E5s,0,12.884771347045898,1,0,1
1.0,0.8498454654054279,0.15010680258274078,bed,00847-bCPU9suPUw9,1,17.04467010498047,1,0,1
1.0,0.7823514868268142,0.344927579164505,sofa,00847-bCPU9suPUw9,1,17.04467010498047,1,0,1
1.0,0.8042440064663551,0.15593835711479187,bed,00847-bCPU9suPUw9,1,17.04467010498047,1,0,1
1.0,0.8738512237537192,0.10320106148719788,bed,00820-mL8ThkuaVTM,0,49.380516052246094,1,0,1
1.0,0.8938936473675175,0.1070503368973732,bed,00820-mL8ThkuaVTM,0,49.380516052246094,1,0,1
1.0,0.4657525161400675,0.18393917381763458,tv_monitor,00802-wcojb4TFT35,2,39.943275451660156,3,0,3
0.0,0.0,10.034290313720703,plant,00802-wcojb4TFT35,0,37.30722427368164,1,3,4
1.0,0.28968892944884217,0.1449340134859085,chair,00829-QaLdnwvtxbs,0,51.208736419677734,1,0,1
1.0,0.7475579644422771,0.18316249549388885,sofa,00829-QaLdnwvtxbs,0,51.208736419677734,1,0,1
0.0,0.0,0.9663636684417725,sofa,00821-eF36g7L6Z9M,0,255.54568481445312,1,0,1
1.0,0.6957956242078269,0.09005174040794373,sofa,00890-6s7QHgap2fW,0,72.89037322998047,1,0,1
0.0,0.0,15.951492309570312,toilet,00890-6s7QHgap2fW,0,72.89037322998047,2,0,2
1.0,0.8815335246824801,0.11498618870973587,sofa,00843-DYehNKdT76V,0,62.364925384521484,2,0,2
1.0,0.9478693543250674,0.10157319903373718,bed,00843-DYehNKdT76V,0,62.364925384521484,1,0,1
1.0,0.45904450264319274,0.10861098766326904,plant,00843-DYehNKdT76V,0,62.364925384521484,2,0,2
1.0,0.6280398697720156,0.03828269615769386,bed,00862-LT9Jq6dN3Ea,0,275.0478515625,1,0,1
1.0,0.5856335076865085,0.0604826956987381,bed,00878-XB4GS9ShBRE,0,48.26987838745117,1,0,1
0.0,0.0,2.1051206588745117,tv_monitor,00878-XB4GS9ShBRE,0,48.26987838745117,1,0,1
1.0,0.7127718617849312,0.10139463096857071,tv_monitor,00848-ziup5kvtCCR,0,60.34342956542969,1,0,1
1.0,0.8439614153628455,0.11175599694252014,bed,00871-VBzV5z6i1WS,0,59.27443313598633,1,0,1
1.0,0.5954376376937178,0.02855626493692398,chair,00876-mv2HUxq3B53,0,135.76968383789062,1,0,1
1.0,0.15433259430905302,0.06180691719055176,plant,00876-mv2HUxq3B53,0,135.76968383789062,2,0,2
1.0,0.6418713543108342,0.1357569545507431,sofa,00813-svBbv1Pavdk,0,73.96382904052734,1,0,1
0.0,0.0,11.927350997924805,toilet,00813-svBbv1Pavdk,0,73.96382904052734,1,0,1
1.0,0.22591073721313082,0.15000128746032715,plant,00803-k1cupFYWXJ6,0,205.6027374267578,2,0,2
1.0,0.2243282270451126,0.15000128746032715,plant,00803-k1cupFYWXJ6,0,205.6027374267578,2,0,2
0.0,0.0,13.549479484558105,sofa,00803-k1cupFYWXJ6,0,205.6027374267578,1,0,1
1.0,0.44906684065313446,0.07451741397380829,chair,00832-qyAac8rV8Zk,0,80.03765106201172,1,0,1
1.0,0.7275800428899195,0.16922852396965027,chair,00880-Nfvxx8J5NCo,0,63.492286682128906,1,0,1
0.0,0.0,2.983264446258545,tv_monitor,00880-Nfvxx8J5NCo,0,63.492286682128906,1,0,1
1.0,0.493622893152551,0.1853371560573578,chair,00880-Nfvxx8J5NCo,0,63.492286682128906,1,0,1
1.0,0.49096376107082956,0.1548779308795929,sofa,00839-zt1RVoi7PcG,0,127.87889862060547,1,0,1
1.0,0.5503092029898818,0.19178110361099243,chair,00823-7MXmsvcQjpJ,1,85.10262298583984,1,0,1
1.0,0.7015569392924613,0.09713496267795563,chair,00810-CrMo8WxCyVb,0,104.38074493408203,1,0,1
1.0,0.6888557453508081,0.17478463053703308,sofa,00810-CrMo8WxCyVb,0,104.38074493408203,1,0,1
1.0,0.5202976176664824,0.06052016839385033,bed,00810-CrMo8WxCyVb,0,104.38074493408203,1,0,1
0.0,0.0,5.66956901550293,plant,00810-CrMo8WxCyVb,0,104.38074493408203,3,2,5
1.0,0.4373184884597758,0.15704447031021118,sofa,00815-h1zeeAwLh9Z,1,37.163169860839844,2,0,2
1.0,0.4010838592070328,0.15520037710666656,chair,00815-h1zeeAwLh9Z,1,37.163169860839844,1,0,1
0.0,0.0,2.2806296348571777,toilet,00815-h1zeeAwLh9Z,0,64.93303680419922,1,0,1
1.0,0.23592479178702933,0.06368951499462128,chair,00815-h1zeeAwLh9Z,0,64.93303680419922,1,0,1
1.0,0.8249118593513832,0.11826950311660767,tv_monitor,00894-HY1NcmCgn3n,0,180.56265258789062,1,0,1
1.0,0.8445877398899874,0.08494044095277786,tv_monitor,00894-HY1NcmCgn3n,0,180.56265258789062,1,0,1
1.0,0.8641197531419625,0.08399152755737305,tv_monitor,00894-HY1NcmCgn3n,0,180.56265258789062,1,0,1
1.0,0.7372133677772226,0.2322472184896469,chair,00853-5cdEh9F2hJL,0,77.00389099121094,1,0,1
1.0,0.6930346541136061,0.007583248429000378,sofa,00853-5cdEh9F2hJL,0,77.00389099121094,1,0,1
1.0,0.40998748740066515,0.1074574738740921,plant,00853-5cdEh9F2hJL,0,77.00389099121094,1,0,1
0.0,0.0,12.763128280639648,tv_monitor,00853-5cdEh9F2hJL,0,77.00389099121094,1,0,1
1.0,0.46193750334328265,0.11175844073295593,sofa,00853-5cdEh9F2hJL,0,77.00389099121094,2,0,2
1.0,0.7694323530650421,0.16768155992031097,bed,00853-5cdEh9F2hJL,0,77.00389099121094,1,0,1
1.0,0.7475579644422771,0.18316249549388885,sofa,00829-QaLdnwvtxbs,0,51.208736419677734,1,0,1
1.0,0.29031883769428907,0.13427263498306274,chair,00829-QaLdnwvtxbs,0,51.208736419677734,1,0,1
1.0,0.624873875919678,0.15926674008369446,bed,00800-TEEsavR23oF,0,76.10676574707031,2,0,2
1.0,0.2950910503358375,0.4336870312690735,toilet,00800-TEEsavR23oF,0,76.10676574707031,3,0,3
0.0,0.0,2.4312076568603516,chair,00800-TEEsavR23oF,0,76.10676574707031,2,0,2
1.0,0.798368861063788,0.19977012276649475,chair,00814-p53SfW6mjZe,0,217.1283721923828,1,0,1
1.0,0.3616951997934565,0.07218513637781143,bed,00814-p53SfW6mjZe,0,217.1283721923828,2,0,2
0.0,0.0,1.2539499998092651,tv_monitor,00814-p53SfW6mjZe,0,217.1283721923828,3,1,4
0.0,0.0,0.7904430627822876,tv_monitor,00814-p53SfW6mjZe,0,217.1283721923828,1,0,1
1.0,0.872073085007134,0.08548694103956223,bed,00814-p53SfW6mjZe,0,217.1283721923828,1,0,1
1.0,0.23398820197996326,0.054961636662483215,plant,00803-k1cupFYWXJ6,0,205.6027374267578,2,0,2
1.0,0.2364271297637755,0.06087507680058479,plant,00803-k1cupFYWXJ6,0,205.6027374267578,2,0,2
0.0,0.0,13.549479484558105,sofa,00803-k1cupFYWXJ6,0,205.6027374267578,1,0,1
1.0,0.8433645615921243,0.17557664215564728,chair,00835-q3zU7Yy5E5s,0,12.884771347045898,1,0,1
1.0,0.8684773004345651,0.15870745480060577,sofa,00835-q3zU7Yy5E5s,1,23.304763793945312,1,0,1
1.0,1.0,0.26358193159103394,sofa,00835-q3zU7Yy5E5s,1,23.304763793945312,1,0,1
1.0,0.11261857927135903,0.10371996462345123,toilet,00861-GLAQ4DNUx5U,0,118.05732727050781,2,2,4
0.0,0.0,11.832418441772461,plant,00861-GLAQ4DNUx5U,0,118.05732727050781,1,0,1
1.0,0.3494163321732416,0.1096959188580513,toilet,00861-GLAQ4DNUx5U,0,118.05732727050781,3,0,3
1.0,0.8439614153628455,0.11175599694252014,bed,00871-VBzV5z6i1WS,0,59.27443313598633,1,0,1
1.0,0.8420665256464112,0.15661214292049408,sofa,00847-bCPU9suPUw9,1,17.04467010498047,1,0,1
1.0,0.8498454654054279,0.15010680258274078,bed,00847-bCPU9suPUw9,1,17.04467010498047,1,0,1
1.0,0.8042440064663551,0.15593835711479187,bed,00847-bCPU9suPUw9,1,17.04467010498047,1,0,1
0.0,0.0,10.782328605651855,chair,00891-cvZr5TUy5C5,0,196.93040466308594,1,0,1
1.0,0.8921429779464938,0.025730084627866745,toilet,00891-cvZr5TUy5C5,0,196.93040466308594,1,0,1
1.0,0.7419249859777549,0.15404975414276123,tv_monitor,00891-cvZr5TUy5C5,0,196.93040466308594,1,0,1
1.0,0.5744973712490664,0.10113570839166641,tv_monitor,00891-cvZr5TUy5C5,0,196.93040466308594,1,0,1
0.0,0.0,9.89632511138916,chair,00891-cvZr5TUy5C5,0,196.93040466308594,3,3,6
1.0,0.5937807278521854,0.18955625593662262,sofa,00869-MHPLjHsuG27,0,14.598527908325195,1,0,1
1.0,0.4733566264240147,0.16742050647735596,sofa,00869-MHPLjHsuG27,0,14.598527908325195,1,0,1
1.0,0.8293703519671872,0.24220839142799377,tv_monitor,00869-MHPLjHsuG27,0,14.598527908325195,1,0,1
1.0,0.7226043575222005,0.08512289077043533,chair,00869-MHPLjHsuG27,1,20.642654418945312,1,0,1
0.0,0.0,7.084290981292725,chair,00831-yr17PDCnDDW,0,273.9668884277344,1,0,1
1.0,0.7764760011217546,0.11832047998905182,chair,00869-MHPLjHsuG27,1,20.642654418945312,1,0,1
0.0,0.0,7.084290981292725,chair,00831-yr17PDCnDDW,0,273.9668884277344,1,0,1
1.0,0.09583499418806478,0.09165860712528229,chair,00831-yr17PDCnDDW,0,273.9668884277344,3,0,3
1.0,0.3011869311580393,0.032557886093854904,chair,00831-yr17PDCnDDW,0,273.9668884277344,1,0,1
1.0,0.20984715321211433,0.44084542989730835,tv_monitor,00831-yr17PDCnDDW,0,273.9668884277344,3,0,3
1.0,0.4547683549129812,0.08146049082279205,plant,00831-yr17PDCnDDW,0,273.9668884277344,1,0,1
1.0,0.8938936473675175,0.1070503368973732,bed,00820-mL8ThkuaVTM,0,49.380516052246094,1,0,1
1.0,0.8738512237537192,0.10320106148719788,bed,00820-mL8ThkuaVTM,0,49.380516052246094,1,0,1
1.0,0.4489438809002737,0.21569646894931793,plant,00843-DYehNKdT76V,0,62.364925384521484,2,0,2
1.0,0.8212318572369937,0.10543377697467804,sofa,00843-DYehNKdT76V,0,62.364925384521484,2,0,2
1.0,0.9478693543250674,0.10157319903373718,bed,00843-DYehNKdT76V,0,62.364925384521484,1,0,1
1.0,0.9102246623485889,0.1572902500629425,bed,00827-BAbdmeyTvMZ,0,58.549068450927734,1,0,1
1.0,0.21054446534492044,0.1570989489555359,chair,00827-BAbdmeyTvMZ,0,58.549068450927734,2,0,2
1.0,0.274649462609652,0.2106551080942154,bed,00827-BAbdmeyTvMZ,0,58.549068450927734,3,1,4
1.0,0.7965417170404935,0.17482654750347137,sofa,00827-BAbdmeyTvMZ,0,58.549068450927734,1,0,1
1.0,0.7123268173547654,0.1524142026901245,bed,00827-BAbdmeyTvMZ,0,58.549068450927734,1,0,1
0.0,0.0,16.355525970458984,toilet,00890-6s7QHgap2fW,0,72.89037322998047,2,0,2
1.0,0.665141034921998,0.1649377942085266,sofa,00890-6s7QHgap2fW,0,72.89037322998047,1,0,1
0.0,0.0,4.843723297119141,chair,00873-bxsVRursffK,0,64.13450622558594,1,0,1
1.0,0.919731869708937,0.07773496210575104,plant,00873-bxsVRursffK,0,64.13450622558594,1,0,1
1.0,0.8005562346808617,0.10911838710308075,toilet,00873-bxsVRursffK,0,64.13450622558594,1,0,1
1.0,0.9380177639417046,0.14167392253875732,plant,00873-bxsVRursffK,0,64.13450622558594,1,0,1
1.0,0.6145462919384942,0.09360034018754959,bed,00873-bxsVRursffK,0,64.13450622558594,1,0,1
0.0,0.0,0.7402412295341492,sofa,00873-bxsVRursffK,0,64.13450622558594,1,0,1
1.0,0.6418713543108342,0.1357569545507431,sofa,00813-svBbv1Pavdk,0,73.96382904052734,1,0,1
0.0,0.0,11.628179550170898,toilet,00813-svBbv1Pavdk,0,73.96382904052734,1,0,1
0.0,0.0,1.0267597436904907,tv_monitor,00814-p53SfW6mjZe,0,217.1283721923828,3,1,4
1.0,0.798368861063788,0.19977012276649475,chair,00814-p53SfW6mjZe,0,217.1283721923828,1,0,1
1.0,0.3616951997934565,0.07218513637781143,bed,00814-p53SfW6mjZe,0,217.1283721923828,2,0,2
0.0,0.0,0.7904430627822876,tv_monitor,00814-p53SfW6mjZe,0,217.1283721923828,1,0,1
1.0,0.872073085007134,0.08548694103956223,bed,00814-p53SfW6mjZe,0,217.1283721923828,1,0,1
0.0,0.0,9.245936393737793,plant,00802-wcojb4TFT35,0,37.30722427368164,1,1,2
1.0,0.4757843797687907,0.15400508046150208,tv_monitor,00802-wcojb4TFT35,2,39.943275451660156,3,0,3
0.0,0.0,2.1051206588745117,tv_monitor,00878-XB4GS9ShBRE,0,48.26987838745117,1,0,1
1.0,0.5856335076865085,0.0604826956987381,bed,00878-XB4GS9ShBRE,0,48.26987838745117,1,0,1
1.0,0.8439614153628455,0.11175599694252014,bed,00871-VBzV5z6i1WS,0,59.27443313598633,1,0,1
1.0,0.7127718617849312,0.10139463096857071,tv_monitor,00848-ziup5kvtCCR,0,60.34342956542969,1,0,1
1.0,0.20990688329234458,0.158033087849617,sofa,00824-Dd4bFSTQ8gi,0,78.68595886230469,1,0,1
0.0,0.0,3.6073570251464844,chair,00824-Dd4bFSTQ8gi,0,78.68595886230469,2,0,2
1.0,0.8660245482886653,0.060987960547208786,bed,00824-Dd4bFSTQ8gi,0,78.68595886230469,1,0,1
1.0,0.790195104246742,0.06716538220643997,toilet,00824-Dd4bFSTQ8gi,0,78.68595886230469,1,0,1
0.0,0.0,3.6324105262756348,chair,00824-Dd4bFSTQ8gi,0,78.68595886230469,1,0,1
1.0,0.5954376376937178,0.02855626493692398,chair,00876-mv2HUxq3B53,0,135.76968383789062,1,0,1
1.0,0.15433259430905302,0.06180691719055176,plant,00876-mv2HUxq3B53,0,135.76968383789062,2,0,2
1.0,0.6280398697720156,0.03828269615769386,bed,00862-LT9Jq6dN3Ea,0,275.0478515625,1,0,1
1.0,0.4309911609415412,0.1914997547864914,chair,00832-qyAac8rV8Zk,0,80.03765106201172,1,0,1
1.0,0.5703103411930335,0.08277065306901932,chair,00823-7MXmsvcQjpJ,1,85.10262298583984,1,0,1
0.0,0.0,0.939711332321167,sofa,00821-eF36g7L6Z9M,0,255.54568481445312,1,0,1
0.0,0.0,9.829463958740234,tv_monitor,00877-4ok3usBNeis,0,75.36964416503906,1,0,1
1.0,0.8431508475313579,0.07648757100105286,chair,00877-4ok3usBNeis,0,75.36964416503906,1,0,1
1.0,0.49096376107082956,0.1548779308795929,sofa,00839-zt1RVoi7PcG,0,127.87889862060547,1,0,1
1.0,0.46757362589359125,0.24213507771492004,toilet,00815-h1zeeAwLh9Z,0,64.93303680419922,3,1,4
1.0,0.4273201984743483,0.2048184722661972,sofa,00815-h1zeeAwLh9Z,1,37.163169860839844,2,0,2
1.0,0.4010838592070328,0.15520037710666656,chair,00815-h1zeeAwLh9Z,1,37.163169860839844,1,0,1
1.0,0.23592479178702933,0.06368951499462128,chair,00815-h1zeeAwLh9Z,0,64.93303680419922,1,0,1
1.0,0.8448184198738161,0.08507935702800751,tv_monitor,00894-HY1NcmCgn3n,0,180.56265258789062,1,0,1
1.0,0.8641197531419625,0.08399152755737305,tv_monitor,00894-HY1NcmCgn3n,0,180.56265258789062,1,0,1
1.0,0.8445877398899874,0.08494044095277786,tv_monitor,00894-HY1NcmCgn3n,0,180.56265258789062,1,0,1
1.0,0.21054446534492044,0.1570989489555359,chair,00827-BAbdmeyTvMZ,0,58.549068450927734,2,0,2
1.0,0.9102246623485889,0.1572902500629425,bed,00827-BAbdmeyTvMZ,0,58.549068450927734,1,0,1
1.0,0.7123268173547654,0.1524142026901245,bed,00827-BAbdmeyTvMZ,0,58.549068450927734,1,0,1
1.0,0.732812590722744,0.21254076063632965,sofa,00827-BAbdmeyTvMZ,0,58.549068450927734,1,0,1
1.0,0.27689175407240585,0.1653842180967331,bed,00827-BAbdmeyTvMZ,0,58.549068450927734,3,1,4
1.0,0.8684773004345651,0.15870745480060577,sofa,00835-q3zU7Yy5E5s,1,23.304763793945312,1,0,1
1.0,1.0,0.3553064465522766,sofa,00835-q3zU7Yy5E5s,1,23.304763793945312,1,0,1
1.0,0.8433645615921243,0.17557664215564728,chair,00835-q3zU7Yy5E5s,0,12.884771347045898,1,0,1
1.0,0.8815335246824801,0.11498618870973587,sofa,00843-DYehNKdT76V,0,62.364925384521484,2,0,2
1.0,0.45904450264319274,0.10861098766326904,plant,00843-DYehNKdT76V,0,62.364925384521484,2,0,2
1.0,0.9478693543250674,0.10157319903373718,bed,00843-DYehNKdT76V,0,62.364925384521484,1,0,1
0.0,0.0,3.6324105262756348,chair,00824-Dd4bFSTQ8gi,0,78.68595886230469,1,0,1
0.0,0.0,3.735051155090332,chair,00824-Dd4bFSTQ8gi,0,78.68595886230469,2,0,2
1.0,0.20990688329234458,0.158033087849617,sofa,00824-Dd4bFSTQ8gi,0,78.68595886230469,1,0,1
1.0,0.8660245482886653,0.060987960547208786,bed,00824-Dd4bFSTQ8gi,0,78.68595886230469,1,0,1
1.0,0.790195104246742,0.06716538220643997,toilet,00824-Dd4bFSTQ8gi,0,78.68595886230469,1,0,1
1.0,0.5954376376937178,0.02855626493692398,chair,00876-mv2HUxq3B53,0,135.76968383789062,1,0,1
1.0,0.15433259430905302,0.06180691719055176,plant,00876-mv2HUxq3B53,0,135.76968383789062,2,0,2
0.0,0.0,0.7904430627822876,tv_monitor,00814-p53SfW6mjZe,0,217.1283721923828,1,0,1
0.0,0.0,1.160325527191162,tv_monitor,00814-p53SfW6mjZe,0,217.1283721923828,3,2,5
1.0,0.829868027747583,0.0455213263630867,chair,00814-p53SfW6mjZe,0,217.1283721923828,1,0,1
1.0,0.3616951997934565,0.07218513637781143,bed,00814-p53SfW6mjZe,0,217.1283721923828,2,0,2
1.0,0.872073085007134,0.08548694103956223,bed,00814-p53SfW6mjZe,0,217.1283721923828,1,0,1
1.0,0.9380177639417046,0.14167392253875732,plant,00873-bxsVRursffK,0,64.13450622558594,1,0,1
1.0,0.8005562346808617,0.10911838710308075,toilet,00873-bxsVRursffK,0,64.13450622558594,1,0,1
1.0,0.6145462919384942,0.09360034018754959,bed,00873-bxsVRursffK,0,64.13450622558594,1,0,1
0.0,0.0,4.843723297119141,chair,00873-bxsVRursffK,0,64.13450622558594,1,0,1
0.0,0.0,0.7402412295341492,sofa,00873-bxsVRursffK,0,64.13450622558594,1,0,1
1.0,0.919731869708937,0.07773496210575104,plant,00873-bxsVRursffK,0,64.13450622558594,1,0,1
1.0,0.8938936473675175,0.1070503368973732,bed,00820-mL8ThkuaVTM,0,49.380516052246094,1,0,1
1.0,0.8453067727745412,0.17489567399024963,bed,00820-mL8ThkuaVTM,0,49.380516052246094,1,0,1
1.0,0.46193750334328265,0.11175844073295593,sofa,00853-5cdEh9F2hJL,0,77.00389099121094,2,0,2
1.0,0.8010513615088442,0.04001128673553467,bed,00853-5cdEh9F2hJL,0,77.00389099121094,1,0,1
1.0,0.7210103377890372,0.2814904749393463,chair,00853-5cdEh9F2hJL,0,77.00389099121094,1,0,1
1.0,0.6930346541136061,0.007583248429000378,sofa,00853-5cdEh9F2hJL,0,77.00389099121094,1,0,1
1.0,0.40998748740066515,0.1074574738740921,plant,00853-5cdEh9F2hJL,0,77.00389099121094,1,0,1
0.0,0.0,12.763128280639648,tv_monitor,00853-5cdEh9F2hJL,0,77.00389099121094,1,0,1
0.0,0.0,11.628179550170898,toilet,00813-svBbv1Pavdk,0,73.96382904052734,1,0,1
1.0,0.6418713543108342,0.1357569545507431,sofa,00813-svBbv1Pavdk,0,73.96382904052734,1,0,1
1.0,0.4733566264240147,0.16742050647735596,sofa,00869-MHPLjHsuG27,0,14.598527908325195,1,0,1
1.0,0.7764760011217546,0.11832047998905182,chair,00869-MHPLjHsuG27,1,20.642654418945312,1,0,1
1.0,0.8293703519671872,0.24220839142799377,tv_monitor,00869-MHPLjHsuG27,0,14.598527908325195,1,0,1
1.0,0.587350674856875,0.1912062019109726,sofa,00869-MHPLjHsuG27,0,14.598527908325195,1,0,1
1.0,0.2364271297637755,0.06087507680058479,plant,00803-k1cupFYWXJ6,0,205.6027374267578,2,0,2
1.0,0.2243282270451126,0.15000128746032715,plant,00803-k1cupFYWXJ6,0,205.6027374267578,2,0,2
0.0,0.0,13.549479484558105,sofa,00803-k1cupFYWXJ6,0,205.6027374267578,1,0,1
1.0,0.7127718617849312,0.10139463096857071,tv_monitor,00848-ziup5kvtCCR,0,60.34342956542969,1,0,1
1.0,0.8042440064663551,0.15593835711479187,bed,00847-bCPU9suPUw9,1,17.04467010498047,1,0,1
1.0,0.8420665256464112,0.15661214292049408,sofa,00847-bCPU9suPUw9,1,17.04467010498047,1,0,1
1.0,0.8498454654054279,0.15010680258274078,bed,00847-bCPU9suPUw9,1,17.04467010498047,1,0,1
1.0,0.7876785119626556,0.16798743605613708,toilet,00849-a8BtkwhxdRV,0,64.31393432617188,1,0,1
1.0,0.75325720346791,0.15525676310062408,toilet,00849-a8BtkwhxdRV,0,64.31393432617188,1,0,1
1.0,0.12630024529759937,0.1970292031764984,tv_monitor,00849-a8BtkwhxdRV,0,64.31393432617188,2,0,2
1.0,0.12482668891650667,0.1943987011909485,tv_monitor,00849-a8BtkwhxdRV,0,64.31393432617188,2,0,2
1.0,0.7575113376826388,0.10197868943214417,sofa,00810-CrMo8WxCyVb,0,104.38074493408203,1,0,1
1.0,0.7015569392924613,0.09713496267795563,chair,00810-CrMo8WxCyVb,0,104.38074493408203,1,0,1
0.0,0.0,4.095354080200195,plant,00810-CrMo8WxCyVb,0,104.38074493408203,3,3,6
1.0,0.45140501472753936,0.13865625858306885,bed,00810-CrMo8WxCyVb,0,104.38074493408203,1,0,1
0.0,0.0,9.829463958740234,tv_monitor,00877-4ok3usBNeis,0,75.36964416503906,1,0,1
1.0,0.8431508475313579,0.07648757100105286,chair,00877-4ok3usBNeis,0,75.36964416503906,1,0,1
1.0,0.3176526405766631,0.040851037949323654,chair,00891-cvZr5TUy5C5,0,196.93040466308594,3,2,5
0.0,0.0,10.565460205078125,chair,00891-cvZr5TUy5C5,0,196.93040466308594,2,0,2
1.0,0.7604031454240053,0.12542763352394104,tv_monitor,00891-cvZr5TUy5C5,0,196.93040466308594,1,0,1
1.0,0.5744973712490664,0.10113570839166641,tv_monitor,00891-cvZr5TUy5C5,0,196.93040466308594,1,0,1
1.0,0.8921429779464938,0.025730084627866745,toilet,00891-cvZr5TUy5C5,0,196.93040466308594,1,0,1
0.0,0.0,0.6413675546646118,toilet,00800-TEEsavR23oF,0,76.10676574707031,2,0,2
1.0,0.624873875919678,0.15926674008369446,bed,00800-TEEsavR23oF,0,76.10676574707031,2,0,2
1.0,0.2379825103097266,0.1032840833067894,chair,00800-TEEsavR23oF,0,76.10676574707031,3,1,4
1.0,0.5856335076865085,0.0604826956987381,bed,00878-XB4GS9ShBRE,0,48.26987838745117,1,0,1
0.0,0.0,2.1051206588745117,tv_monitor,00878-XB4GS9ShBRE,0,48.26987838745117,1,0,1
0.0,0.0,3.768658399581909,toilet,00890-6s7QHgap2fW,0,72.89037322998047,3,3,6
1.0,0.6957956242078269,0.09005174040794373,sofa,00890-6s7QHgap2fW,0,72.89037322998047,1,0,1
1.0,0.4657525161400675,0.18393917381763458,tv_monitor,00802-wcojb4TFT35,2,39.943275451660156,3,0,3
0.0,0.0,8.548345565795898,plant,00802-wcojb4TFT35,0,37.30722427368164,1,3,4
1.0,0.20737811799728492,0.09276304394006729,tv_monitor,00831-yr17PDCnDDW,0,273.9668884277344,3,0,3
0.0,0.0,7.571683406829834,chair,00831-yr17PDCnDDW,0,273.9668884277344,1,0,1
1.0,0.3011869311580393,0.032557886093854904,chair,00831-yr17PDCnDDW,0,273.9668884277344,1,0,1
1.0,0.42834698192019,0.047310058027505875,plant,00831-yr17PDCnDDW,0,273.9668884277344,1,0,1
1.0,0.09714373006584738,0.08717948198318481,chair,00831-yr17PDCnDDW,0,273.9668884277344,3,0,3
0.0,0.0,12.0858793258667,plant,00861-GLAQ4DNUx5U,0,118.05732727050781,1,0,1
1.0,0.3494163321732416,0.1096959188580513,toilet,00861-GLAQ4DNUx5U,0,118.05732727050781,3,0,3
1.0,0.40028326356069416,0.043965961784124374,toilet,00861-GLAQ4DNUx5U,0,118.05732727050781,2,1,3
1.0,0.5503092029898818,0.19178110361099243,chair,00823-7MXmsvcQjpJ,1,85.10262298583984,1,0,1
0.0,0.0,0.939711332321167,sofa,00821-eF36g7L6Z9M,0,255.54568481445312,1,0,1
1.0,0.8439614153628455,0.11175599694252014,bed,00871-VBzV5z6i1WS,0,59.27443313598633,1,0,1
1.0,0.529873453997228,0.1992398053407669,tv_monitor,00880-Nfvxx8J5NCo,0,63.492286682128906,2,0,2
1.0,0.493622893152551,0.1853371560573578,chair,00880-Nfvxx8J5NCo,0,63.492286682128906,1,0,1
1.0,0.7275800428899195,0.16922852396965027,chair,00880-Nfvxx8J5NCo,0,63.492286682128906,1,0,1
1.0,0.4309911609415412,0.1914997547864914,chair,00832-qyAac8rV8Zk,0,80.03765106201172,1,0,1
1.0,0.7134552548852416,0.18578198552131653,sofa,00829-QaLdnwvtxbs,0,51.208736419677734,1,0,1
1.0,0.30067591200536586,0.10592152178287506,chair,00829-QaLdnwvtxbs,0,51.208736419677734,1,0,1
1.0,0.6280398697720156,0.03828269615769386,bed,00862-LT9Jq6dN3Ea,0,275.0478515625,1,0,1
1.0,0.49096376107082956,0.1548779308795929,sofa,00839-zt1RVoi7PcG,0,127.87889862060547,1,0,1
0.0,0.0,12.0858793258667,plant,00861-GLAQ4DNUx5U,0,118.05732727050781,1,0,1
0.0,0.0,1.6401578187942505,toilet,00861-GLAQ4DNUx5U,0,118.05732727050781,2,0,2
1.0,0.3494163321732416,0.1096959188580513,toilet,00861-GLAQ4DNUx5U,0,118.05732727050781,3,0,3
1.0,0.7275800428899195,0.16922852396965027,chair,00880-Nfvxx8J5NCo,0,63.492286682128906,1,0,1
0.0,0.0,3.1682400703430176,tv_monitor,00880-Nfvxx8J5NCo,0,63.492286682128906,1,0,1
1.0,0.5245023655196263,0.15063421428203583,chair,00880-Nfvxx8J5NCo,0,63.492286682128906,1,0,1
1.0,0.7965417170404935,0.17482654750347137,sofa,00827-BAbdmeyTvMZ,0,58.549068450927734,1,0,1
1.0,0.7123268173547654,0.1524142026901245,bed,00827-BAbdmeyTvMZ,0,58.549068450927734,1,0,1
1.0,0.9102246623485889,0.1572902500629425,bed,00827-BAbdmeyTvMZ,0,58.549068450927734,1,0,1
1.0,0.2896902995328919,0.17462795972824097,bed,00827-BAbdmeyTvMZ,0,58.549068450927734,3,2,5
1.0,0.20369143705609621,0.18993259966373444,chair,00827-BAbdmeyTvMZ,0,58.549068450927734,2,0,2
1.0,0.262028027083184,0.12601304054260254,chair,00800-TEEsavR23oF,0,76.10676574707031,3,0,3
1.0,0.2950910503358375,0.4336870312690735,toilet,00800-TEEsavR23oF,0,76.10676574707031,3,0,3
1.0,0.624873875919678,0.15926674008369446,bed,00800-TEEsavR23oF,0,76.10676574707031,2,0,2
1.0,0.5744973712490664,0.10113570839166641,tv_monitor,00891-cvZr5TUy5C5,0,196.93040466308594,1,0,1
1.0,0.8921429779464938,0.025730084627866745,toilet,00891-cvZr5TUy5C5,0,196.93040466308594,1,0,1
0.0,0.0,10.565460205078125,chair,00891-cvZr5TUy5C5,0,196.93040466308594,2,0,2
0.0,0.0,10.576976776123047,chair,00891-cvZr5TUy5C5,0,196.93040466308594,1,0,1
1.0,0.7604031454240053,0.12542763352394104,tv_monitor,00891-cvZr5TUy5C5,0,196.93040466308594,1,0,1
1.0,0.7226043575222005,0.08512289077043533,chair,00869-MHPLjHsuG27,1,20.642654418945312,1,0,1
1.0,0.587350674856875,0.1912062019109726,sofa,00869-MHPLjHsuG27,0,14.598527908325195,1,0,1
1.0,0.8293703519671872,0.24220839142799377,tv_monitor,00869-MHPLjHsuG27,0,14.598527908325195,1,0,1
1.0,0.4733566264240147,0.16742050647735596,sofa,00869-MHPLjHsuG27,0,14.598527908325195,1,0,1
1.0,0.15433259430905302,0.06180691719055176,plant,00876-mv2HUxq3B53,0,135.76968383789062,2,0,2
1.0,0.5954376376937178,0.02855626493692398,chair,00876-mv2HUxq3B53,0,135.76968383789062,1,0,1
1.0,0.32311241602986074,0.15206444263458252,tv_monitor,00814-p53SfW6mjZe,0,217.1283721923828,3,1,4
1.0,0.3616951997934565,0.07218513637781143,bed,00814-p53SfW6mjZe,0,217.1283721923828,2,0,2
0.0,0.0,0.7904430627822876,tv_monitor,00814-p53SfW6mjZe,0,217.1283721923828,1,0,1
1.0,0.8537670047321068,0.17918944358825684,bed,00814-p53SfW6mjZe,0,217.1283721923828,1,0,1
1.0,0.829868027747583,0.0455213263630867,chair,00814-p53SfW6mjZe,0,217.1283721923828,1,0,1
0.0,0.0,7.571683406829834,chair,00831-yr17PDCnDDW,0,273.9668884277344,1,0,1
1.0,0.09714373006584738,0.08717948198318481,chair,00831-yr17PDCnDDW,0,273.9668884277344,3,0,3
1.0,0.4547683549129812,0.08146049082279205,plant,00831-yr17PDCnDDW,0,273.9668884277344,1,0,1
1.0,0.3011869311580393,0.032557886093854904,chair,00831-yr17PDCnDDW,0,273.9668884277344,1,0,1
1.0,0.20984715321211433,0.44084542989730835,tv_monitor,00831-yr17PDCnDDW,0,273.9668884277344,3,0,3
1.0,0.20990688329234458,0.158033087849617,sofa,00824-Dd4bFSTQ8gi,0,78.68595886230469,1,0,1
0.0,0.0,3.6073570251464844,chair,00824-Dd4bFSTQ8gi,0,78.68595886230469,2,0,2
1.0,0.8660245482886653,0.060987960547208786,bed,00824-Dd4bFSTQ8gi,0,78.68595886230469,1,0,1
0.0,0.0,4.123510837554932,chair,00824-Dd4bFSTQ8gi,0,78.68595886230469,1,0,1
1.0,0.790195104246742,0.06716538220643997,toilet,00824-Dd4bFSTQ8gi,0,78.68595886230469,1,0,1
1.0,0.7127718617849312,0.10139463096857071,tv_monitor,00848-ziup5kvtCCR,0,60.34342956542969,1,0,1
1.0,0.8005562346808617,0.10911838710308075,toilet,00873-bxsVRursffK,0,64.13450622558594,1,0,1
0.0,0.0,4.531190872192383,chair,00873-bxsVRursffK,0,64.13450622558594,1,0,1
1.0,0.919731869708937,0.07773496210575104,plant,00873-bxsVRursffK,0,64.13450622558594,1,0,1
1.0,0.9380177639417046,0.14167392253875732,plant,00873-bxsVRursffK,0,64.13450622558594,1,0,1
1.0,0.6145462919384942,0.09360034018754959,bed,00873-bxsVRursffK,0,64.13450622558594,1,0,1
0.0,0.0,0.7402412295341492,sofa,00873-bxsVRursffK,0,64.13450622558594,1,0,1
1.0,0.4681173400943976,0.24706652760505676,toilet,00815-h1zeeAwLh9Z,0,64.93303680419922,3,1,4
0.0,0.0,7.258635997772217,sofa,00815-h1zeeAwLh9Z,1,37.163169860839844,1,0,1
1.0,0.23592479178702933,0.06368951499462128,chair,00815-h1zeeAwLh9Z,0,64.93303680419922,1,0,1
1.0,0.38695648308379726,0.19025753438472748,chair,00815-h1zeeAwLh9Z,1,37.163169860839844,1,0,1
1.0,0.8641197531419625,0.08399152755737305,tv_monitor,00894-HY1NcmCgn3n,0,180.56265258789062,1,0,1
1.0,0.8448184198738161,0.08507935702800751,tv_monitor,00894-HY1NcmCgn3n,0,180.56265258789062,1,0,1
1.0,0.8445877398899874,0.08494044095277786,tv_monitor,00894-HY1NcmCgn3n,0,180.56265258789062,1,0,1
1.0,0.5856335076865085,0.0604826956987381,bed,00878-XB4GS9ShBRE,0,48.26987838745117,1,0,1
0.0,0.0,2.1051206588745117,tv_monitor,00878-XB4GS9ShBRE,0,48.26987838745117,1,0,1
0.0,0.0,9.440279006958008,plant,00810-CrMo8WxCyVb,0,104.38074493408203,3,3,6
1.0,0.6530732109720297,0.10202227532863617,chair,00810-CrMo8WxCyVb,0,104.38074493408203,1,0,1
1.0,0.6888557453508081,0.17478463053703308,sofa,00810-CrMo8WxCyVb,0,104.38074493408203,1,0,1
1.0,0.5202976176664824,0.06052016839385033,bed,00810-CrMo8WxCyVb,0,104.38074493408203,1,0,1
1.0,0.12482668891650667,0.1943987011909485,tv_monitor,00849-a8BtkwhxdRV,0,64.31393432617188,2,0,2
1.0,0.12630024529759937,0.1970292031764984,tv_monitor,00849-a8BtkwhxdRV,0,64.31393432617188,2,0,2
1.0,0.7191361151619428,0.2132052630186081,toilet,00849-a8BtkwhxdRV,0,64.31393432617188,1,0,1
1.0,0.7261312961856808,0.22990712523460388,toilet,00849-a8BtkwhxdRV,0,64.31393432617188,1,0,1
1.0,0.6418713543108342,0.1357569545507431,sofa,00813-svBbv1Pavdk,0,73.96382904052734,1,0,1
0.0,0.0,11.927350997924805,toilet,00813-svBbv1Pavdk,0,73.96382904052734,1,0,1
1.0,0.5703103411930335,0.08277065306901932,chair,00823-7MXmsvcQjpJ,1,85.10262298583984,1,0,1
1.0,0.8738512237537192,0.10320106148719788,bed,00820-mL8ThkuaVTM,0,49.380516052246094,1,0,1
1.0,0.8938936473675175,0.1070503368973732,bed,00820-mL8ThkuaVTM,0,49.380516052246094,1,0,1
1.0,0.8498454654054279,0.15010680258274078,bed,00847-bCPU9suPUw9,1,17.04467010498047,1,0,1
1.0,0.7823514868268142,0.344927579164505,sofa,00847-bCPU9suPUw9,1,17.04467010498047,1,0,1
1.0,0.8042440064663551,0.15593835711479187,bed,00847-bCPU9suPUw9,1,17.04467010498047,1,0,1
1.0,0.46193750334328265,0.11175844073295593,sofa,00853-5cdEh9F2hJL,0,77.00389099121094,2,0,2
0.0,0.0,12.763128280639648,tv_monitor,00853-5cdEh9F2hJL,0,77.00389099121094,1,0,1
1.0,0.7372133677772226,0.2322472184896469,chair,00853-5cdEh9F2hJL,0,77.00389099121094,1,0,1
1.0,0.8010513615088442,0.04001128673553467,bed,00853-5cdEh9F2hJL,0,77.00389099121094,1,0,1
1.0,0.6930346541136061,0.007583248429000378,sofa,00853-5cdEh9F2hJL,0,77.00389099121094,1,0,1
1.0,0.40998748740066515,0.1074574738740921,plant,00853-5cdEh9F2hJL,0,77.00389099121094,1,0,1
1.0,1.0,0.26358193159103394,sofa,00835-q3zU7Yy5E5s,1,23.304763793945312,1,0,1
1.0,0.7707658129857792,0.3753594160079956,chair,00835-q3zU7Yy5E5s,0,12.884771347045898,1,0,1
1.0,0.9821388951498325,0.08511211723089218,sofa,00835-q3zU7Yy5E5s,1,23.304763793945312,1,0,1
0.0,0.0,13.549479484558105,sofa,00803-k1cupFYWXJ6,0,205.6027374267578,1,0,1
1.0,0.2364271297637755,0.06087507680058479,plant,00803-k1cupFYWXJ6,0,205.6027374267578,2,0,2
1.0,0.23398820197996326,0.054961636662483215,plant,00803-k1cupFYWXJ6,0,205.6027374267578,2,0,2
1.0,0.6280398697720156,0.03828269615769386,bed,00862-LT9Jq6dN3Ea,0,275.0478515625,1,0,1
0.0,0.0,0.9596776962280273,sofa,00821-eF36g7L6Z9M,0,255.54568481445312,1,0,1
1.0,0.29031883769428907,0.13427263498306274,chair,00829-QaLdnwvtxbs,0,51.208736419677734,1,0,1
1.0,0.7134552548852416,0.18578198552131653,sofa,00829-QaLdnwvtxbs,0,51.208736419677734,1,0,1
1.0,0.44906684065313446,0.07451741397380829,chair,00832-qyAac8rV8Zk,0,80.03765106201172,1,0,1
1.0,0.45904450264319274,0.10861098766326904,plant,00843-DYehNKdT76V,0,62.364925384521484,2,0,2
1.0,0.8815335246824801,0.11498618870973587,sofa,00843-DYehNKdT76V,0,62.364925384521484,2,0,2
1.0,0.9096732460507945,0.10425189137458801,bed,00843-DYehNKdT76V,0,62.364925384521484,1,0,1
1.0,0.6957956242078269,0.09005174040794373,sofa,00890-6s7QHgap2fW,0,72.89037322998047,1,0,1
0.0,0.0,16.42734718322754,toilet,00890-6s7QHgap2fW,0,72.89037322998047,2,0,2
1.0,0.8091112016492807,0.15562714636325836,bed,00871-VBzV5z6i1WS,0,59.27443313598633,1,0,1
0.0,0.0,9.829463958740234,tv_monitor,00877-4ok3usBNeis,0,75.36964416503906,1,0,1
1.0,0.8204018055433995,0.17065465450286865,chair,00877-4ok3usBNeis,0,75.36964416503906,1,0,1
1.0,0.4757843797687907,0.15400508046150208,tv_monitor,00802-wcojb4TFT35,2,39.943275451660156,3,0,3
0.0,0.0,8.986584663391113,plant,00802-wcojb4TFT35,0,37.30722427368164,1,3,4
1.0,0.49096376107082956,0.1548779308795929,sofa,00839-zt1RVoi7PcG,0,127.87889862060547,1,0,1
